H1hESCrep1	
28.129	
32.718	
46.422	
62.093	
79.099	
153.074	
514.184	
723.004	
589.24	
645.92	
745.264	
942.795	
1149.569	
1211.76	
1133.382	
1138.097	
1283.413	
1428.142	
1560.883	
1680.551	
1795.918	
2006.678	
2073.914	
2180.931	
2469.212	
2864.922	
3029.381	
3039.882	
3100.029	
3126.362	
3158.841	
3136.133	
3081.975	
3073.554	
3058.915	
2994.371	
2968.113	
3033.166	
3198.466	
3275.25	
3354.82	
3593.255	
3821.373	
4049.827	
4269.538	
4418.259	
4637.645	
4769.841	
5015.766	
5255.537	
5445.556	
5584.506	
5713.532	
5810.009	
5906.566	
6014.679	
6100.167	
6067.998	
5990.956	
5718.811	
5478.09	
5417.542	
5410.953	
5367.107	
5322.342	
5341.571	
5330.418	
5256.606	
5087.673	
5007.692	
4977.488	
4943.461	
4908.382	
4880.258	
4735.72	
4622.262	
4447.553	
4328.333	
4310.891	
4226.447	
4190.794	
4212.085	
4138.867	
4005.514	
3929.828	
3842.115	
3760.771	
3583.835	
3302.45	
3034.353	
2728.89	
2405.312	
2083.158	
1857.377	
1605.365	
1303.344	
1076.788	
820.903	
566.184	
275.731	
