H1hESCrep1	
2.103	
2.825	
6.678	
11.709	
17.467	
22.947	
32.556	
40.977	
46.323	
48.635	
50.825	
52.941	
56.974	
59.899	
62.047	
60.466	
59.824	
63.914	
65.065	
66.499	
64.202	
65.903	
67.144	
68.401	
66.42	
67.829	
68.844	
66.69	
66.409	
65.609	
66.182	
65.304	
66.022	
66.414	
66.773	
67.581	
67.546	
67.049	
69.357	
69.332	
66.989	
67.431	
66.965	
66.911	
69.547	
70.067	
71.316	
72.263	
72.123	
72.304	
72.525	
71.808	
70.528	
70.016	
66.244	
63.972	
64.139	
62.365	
64.382	
63.159	
62.32	
63.749	
67.107	
69.121	
65.963	
67.193	
68.003	
68.291	
66.76	
67.112	
67.599	
68.778	
66.031	
63.237	
65.449	
66.337	
66.617	
66.416	
65.357	
64.829	
65.143	
63.893	
65.435	
63.693	
65.249	
65.819	
67.56	
67.271	
67.168	
70.415	
72.279	
70.757	
67.568	
65.371	
59.39	
54.966	
48.694	
39.136	
30.115	
19.504	
