H1hESCrep1	
95.921	
126.414	
166.418	
197.853	
232.859	
268.381	
304.036	
331.753	
368.578	
396.085	
426.316	
453.941	
477.149	
502.944	
526.771	
549.557	
569.446	
589.445	
606.533	
627.913	
641.12	
657.211	
674.434	
692.44	
706.838	
722.967	
738.884	
755.108	
774.099	
794.513	
815.169	
836.581	
853.717	
872.965	
888.713	
907.972	
924.11	
942.46	
959.871	
975.176	
991.37	
1008.57	
1026.434	
1046.446	
1069.157	
1089.563	
1110.329	
1130.343	
1162.386	
1187.473	
1220.247	
1251.864	
1273.221	
1295.725	
1318.71	
1341.837	
1355.5665	
1377.077	
1403.7738	
1426.4114	
1449.6146	
1474.4915	
1497.2872	
1520.2352	
1543.4274	
1567.5576	
1593.2272	
1617.6807	
1645.0651	
1673.8268	
1707.6456	
1750.994	
1779.8508	
1806.0581	
1838.3153	
1849.0931	
1880.8608	
1905.8689	
1896.2433	
1897.2212	
1896.5826	
1892.6216	
1898.7397	
1904.2242	
1901.0431	
1908.3864	
1916.1882	
1922.4895	
1938.3103	
1950.2722	
1966.7047	
1980.9509	
2001.6506	
2031.1442	
2059.8728	
2087.3604	
2120.489	
2156.3137	
2182.8928	
2208.477	
2235.3037	
2258.8867	
2285.3796	
2313.8438	
2336.6023	
2366.7134	
2314.1963	
2417.0542	
2443.3638	
2471.559	
2506.504	
2537.999	
2597.2896	
2632.6995	
2680.2866	
2724.6543	
2772.8357	
2818.571	
2859.009	
2904.023	
2951.0352	
2993.2725	
3042.8838	
3074.2676	
3095.058	
3116.538	
3137.3037	
3166.4648	
3207.0923	
3247.571	
3285.547	
3318.0461	
3346.6704	
3384.9949	
3411.04	
3440.3796	
3476.007	
3503.3496	
3534.1833	
3574.54	
3615.5852	
3653.0461	
3692.6653	
3742.5762	
3780.8015	
3813.2815	
3837.2424	
3856.2996	
3885.2676	
3913.8286	
3919.9758	
3952.7244	
3963.7896	
3968.8948	
3998.3315	
4012.938	
4046.2034	
4095.11	
4123.498	
4164.915	
4215.8857	
4268.7183	
4303.1914	
4348.602	
4385.543	
4408.076	
4437.04	
4465.2734	
4486.425	
4507.7114	
4535.2515	
4561.064	
4589.637	
4604.6753	
4630.3237	
4661.453	
4695.28	
4717.2695	
4745.457	
4770.063	
4800.546	
4831.819	
4852.3145	
4884.978	
4902.603	
4930.163	
4949.5884	
4989.101	
4991.861	
5027.427	
5052.14	
5074.973	
5079.3467	
5093.8047	
5108.2334	
5112.1255	
5104.018	
5120.7627	
5124.123	
5140.6113	
5156.2964	
5177.533	
5201.422	
5216.2627	
5225.5	
5237.1543	
5254.643	
5283.624	
5305.064	
5311.6772	
5324.527	
5343.922	
5364.7705	
5389.6855	
5419.1724	
5433.0723	
5444.7856	
5464.3115	
5471.46	
5484.3164	
5499.0903	
5507.381	
5520.405	
5530.494	
5541.3345	
5538.6284	
5551.496	
5550.3076	
5556.915	
5560.337	
5559.2666	
5563.6475	
5578.7817	
5573.0723	
5570.434	
5560.6646	
5435.085	
5433.698	
5437.201	
5433.086	
5441.8447	
5462.837	
5474.528	
5481.7817	
5487.405	
5502.102	
5525.8667	
5543.2256	
5556.3677	
5552.1553	
5583.944	
5592.444	
5608.7266	
5626.3105	
5653.399	
5653.6963	
5655.6875	
5658.9688	
5684.0303	
5685.4478	
5689.7085	
5696.0293	
5688.8506	
5683.4697	
5684.2783	
5695.478	
5679.1655	
5698.545	
5694.095	
5692.8047	
5691.6143	
5685.1353	
5706.4307	
5690.8228	
5715.7783	
5727.818	
5730.5684	
5745.3267	
5750.318	
5744.2534	
5726.8228	
5714.956	
5704.1963	
5692.198	
5676.919	
5662.2227	
5647.0723	
5647.3906	
5639.883	
5632.0713	
5621.5103	
5606.198	
5622.605	
5607.2817	
5620.594	
5598.157	
5586.4185	
5584.024	
5571.7915	
5573.66	
5581.725	
5584.8164	
5607.552	
5630.027	
5634.954	
5642.055	
5647.023	
5649.119	
5660.985	
5670.259	
5686.632	
5693.571	
5700.9307	
5676.591	
5656.8457	
5646.7915	
5638.218	
5625.215	
5609.1416	
5589.531	
5564.646	
5541.449	
5514.5356	
5488.977	
5461.023	
5449.687	
5410.4844	
5395.035	
5384.2007	
5348.5166	
5304.4653	
5297.36	
5282.5225	
5260.678	
5235.7812	
5216.4634	
5196.5244	
5191.9697	
5188.2417	
5172.8755	
5168.571	
5177.566	
5169.9106	
5141.4053	
5138.961	
5121.8564	
5116.986	
5103.12	
5085.958	
5073.1284	
5051.8135	
5020.706	
5010.3394	
4974.272	
4949.0	
4924.024	
4919.942	
4926.033	
4917.566	
4904.408	
4887.988	
4870.284	
4854.016	
4825.588	
4796.3296	
4772.4775	
4755.412	
4747.2915	
4702.814	
4689.5073	
4649.2354	
4625.3516	
4602.022	
4565.757	
4549.4453	
4512.208	
4479.661	
4460.978	
4416.7476	
4381.317	
4353.522	
4332.5444	
4327.2637	
4280.765	
4235.571	
4200.6333	
4176.0283	
4152.5845	
4124.5977	
4092.9678	
4081.481	
4061.0544	
4056.0122	
4049.9707	
4038.2393	
4015.67	
4004.9292	
3978.6182	
3960.3071	
3941.7566	
3926.098	
3908.9363	
3893.4268	
3876.363	
3854.33	
3855.3958	
3847.9504	
3841.623	
3823.1794	
3810.9312	
3803.1003	
3786.0762	
3769.7668	
3747.1755	
3729.2283	
3702.9016	
3670.0984	
3619.5334	
3592.0386	
3576.8691	
3555.34	
3546.6853	
3508.7397	
3509.6433	
3495.2947	
3486.064	
3475.2124	
3463.1038	
3464.2815	
3463.9958	
3448.7124	
3461.2214	
3456.2336	
3408.1536	
3397.0835	
3386.5098	
3382.7517	
3386.842	
3394.2046	
3409.3076	
3414.4583	
3424.5742	
3424.391	
3420.5122	
3417.2852	
3412.5742	
3409.4675	
3405.5632	
3417.9258	
3432.773	
3491.5295	
3549.1182	
3551.151	
3539.8003	
3533.2283	
3531.843	
3524.7532	
3533.4592	
3539.9878	
3538.605	
3530.755	
3534.4846	
3524.7874	
3525.2231	
3526.95	
3516.9263	
3509.092	
3514.5854	
3512.22	
3510.791	
3506.124	
3505.0317	
3504.3125	
3502.1997	
3497.297	
3495.5605	
3493.2112	
3499.966	
3492.641	
3490.9558	
3497.5437	
3477.2073	
3481.2095	
3482.3958	
3480.7944	
3482.6685	
3476.8481	
3473.407	
3472.624	
3467.8884	
3471.61	
3460.2595	
3465.348	
3463.832	
3470.9856	
3467.4143	
3441.999	
3429.2534	
3424.3665	
3428.0166	
3428.4111	
3441.619	
3442.868	
3434.6982	
3424.7139	
3427.4448	
3429.2478	
3427.022	
3432.0574	
3428.8098	
3431.8662	
3445.5522	
3445.3508	
3435.269	
3432.801	
3456.5403	
3456.9927	
3452.5266	
3442.7842	
3431.6453	
3418.2678	
3406.6492	
3404.9631	
3401.0757	
3390.8909	
3372.7847	
3321.755	
3269.8455	
3260.4016	
3256.6475	
3266.5505	
3281.0505	
3278.212	
3269.5564	
3252.6902	
3245.6624	
3251.7585	
3250.34	
3253.6057	
3250.1067	
3246.814	
3260.2473	
3257.0168	
3265.4014	
3283.9617	
3289.3706	
3295.5525	
3300.5947	
3297.0244	
3290.1628	
3290.645	
3291.2793	
3297.888	
3293.4707	
3300.6965	
3291.328	
3271.2886	
3268.7595	
3261.188	
3240.7212	
3237.5898	
3243.7979	
3264.0076	
3260.2651	
3254.983	
3239.427	
3225.1428	
3222.869	
3213.2969	
3215.0625	
3204.2896	
3215.278	
3221.2998	
3222.1467	
3209.4023	
3196.8757	
3185.9395	
3173.8125	
3163.2666	
3157.1777	
3147.2578	
3143.9175	
3147.4822	
3158.8003	
3153.1738	
3159.1587	
3162.95	
3159.239	
3153.2446	
3158.9685	
3154.7092	
3101.4663	
3080.6797	
3061.9075	
3066.168	
3065.2356	
3066.806	
3065.0066	
3064.5552	
3060.145	
3046.7917	
3036.4912	
3012.1846	
2992.6462	
2979.7402	
2973.5579	
2940.8975	
2921.488	
2912.371	
2910.8328	
2903.0393	
2900.9705	
2894.8926	
2889.3853	
2876.0044	
2867.3325	
2856.2537	
2834.2822	
2825.9636	
2803.979	
2770.3398	
2748.418	
2731.6091	
2725.495	
2718.967	
2714.925	
2699.264	
2681.5684	
2673.149	
2668.2297	
2668.1304	
2686.1836	
2709.5881	
2734.1296	
2754.7136	
2751.041	
2759.3574	
2762.8013	
2757.9712	
2757.4712	
2752.544	
2751.06	
2749.412	
2745.951	
2757.0735	
2752.7336	
2757.7834	
2741.1987	
2745.6426	
2736.8223	
2719.5408	
2710.8447	
2703.3699	
2696.2805	
2696.39	
2692.8813	
2690.5168	
2682.038	
2678.7375	
2632.8093	
2635.7495	
2621.7134	
2617.39	
2599.7874	
2604.755	
2603.4858	
2605.91	
2606.0745	
2602.7585	
2600.8782	
2590.1716	
2580.7468	
2571.6306	
2569.2224	
2554.303	
2543.815	
2540.36	
2538.7808	
2529.0864	
2523.0205	
2513.5103	
2510.1238	
2504.8896	
2483.57	
2478.338	
2464.4666	
2457.139	
2447.4932	
2433.524	
2427.8013	
2424.8584	
2419.9497	
2416.226	
2408.5308	
2404.2168	
2406.151	
2411.8914	
2416.2473	
2415.4421	
2406.1604	
2404.1675	
2402.4226	
2394.535	
2386.5212	
2360.5305	
2348.7092	
2337.9265	
2335.592	
2338.4834	
2317.984	
2287.8618	
2296.5	
2278.729	
2278.673	
2269.7654	
2258.866	
2265.5781	
2259.7576	
2253.6555	
2240.7817	
2238.222	
2230.871	
2221.7546	
2214.1584	
2194.2063	
2187.992	
2187.154	
2194.8472	
2195.0305	
2202.4175	
2202.1768	
2208.8232	
2217.653	
2217.1292	
2252.8533	
2249.3813	
2245.8074	
2252.674	
2245.306	
2249.313	
2241.3752	
2240.4316	
2242.0908	
2249.7512	
2258.9116	
2276.2783	
2299.6355	
2313.33	
2362.6436	
2379.9185	
2387.461	
2428.5496	
2445.774	
2466.423	
2496.753	
2523.3943	
2549.3052	
2585.6567	
2600.5225	
2615.6045	
2623.4668	
2635.133	
2647.9846	
2669.216	
2693.4626	
2715.189	
2737.5837	
2755.152	
2768.4067	
2790.2532	
2819.0916	
2842.8477	
2869.689	
2890.1707	
2907.0728	
2936.9248	
2975.1506	
2998.0562	
3027.5078	
3045.135	
3058.0144	
3045.5623	
3053.7869	
3059.9282	
3064.2107	
3053.2087	
3045.1768	
3029.5542	
3085.131	
3095.137	
3102.4111	
3112.4917	
3118.3618	
3111.3113	
3109.8257	
3113.5732	
3121.5132	
3124.86	
3126.3945	
3136.3538	
3151.6943	
3155.1536	
3160.2104	
3165.1633	
3169.3066	
3160.9043	
3163.398	
3178.005	
3185.5415	
3191.0393	
3148.0786	
3155.1873	
3161.392	
3157.0308	
3148.7136	
3136.67	
3130.938	
3121.2395	
3108.4888	
3110.5583	
3112.7952	
3109.5789	
3080.712	
3083.6099	
3045.9377	
3043.0398	
3038.0935	
2998.4634	
2993.629	
2975.68	
2947.495	
2918.99	
2894.4138	
2849.2625	
2825.5388	
2819.0725	
2812.2744	
2802.9448	
2798.3286	
2776.445	
2769.8362	
2756.9028	
2744.365	
2735.548	
2716.3423	
2696.7234	
2663.9053	
2653.057	
2629.231	
2611.8684	
2586.0203	
2565.748	
2528.2012	
2517.8228	
2496.1726	
2493.4893	
2480.755	
2462.1348	
2458.864	
2450.7197	
2439.5364	
2432.5305	
2422.645	
2412.5786	
2354.3499	
2335.129	
2315.3818	
2298.0127	
2301.9436	
2321.223	
2329.304	
2335.606	
2336.7136	
2334.5635	
2330.357	
2329.172	
2304.257	
2300.5862	
2280.702	
2274.4736	
2275.138	
2282.5767	
2281.7441	
2268.7532	
2266.8562	
2261.5713	
2252.8845	
2235.5767	
2212.71	
2193.2615	
2182.683	
2170.0745	
2170.336	
2165.419	
2168.3123	
2158.7031	
2152.0276	
2156.3594	
2148.045	
2130.492	
2113.463	
2101.1733	
2097.2546	
2088.2122	
2072.9907	
2064.185	
2052.257	
2044.4261	
2052.1226	
2049.5093	
1965.801	
1957.4933	
1948.5695	
1941.996	
1916.6244	
1916.6908	
1911.5121	
1914.7108	
1905.8148	
1899.7122	
1906.3153	
1899.9324	
1899.5115	
1889.3329	
1887.9646	
1892.1703	
1896.573	
1895.1215	
1882.7476	
1867.15	
1871.9086	
1865.8403	
1867.4584	
1882.9481	
1880.321	
1877.944	
1877.6663	
1871.1135	
1867.8754	
1864.989	
1856.1304	
1855.5481	
1858.106	
1853.2833	
1845.425	
1845.9945	
1842.7396	
1843.6487	
1837.3555	
1838.5809	
1839.8795	
1840.0651	
1834.7174	
1825.3601	
1827.2413	
1824.7115	
1823.9778	
1816.0431	
1822.7511	
1852.7869	
1916.4025	
1958.4094	
1986.7395	
2000.31	
2014.4126	
2018.8684	
2030.0715	
2036.7195	
2046.6663	
2049.331	
2064.7961	
2077.7532	
2081.4077	
2095.7134	
2095.8813	
2102.428	
2112.144	
2129.1472	
2141.32	
2145.8428	
2155.6335	
2158.62	
2172.9346	
2183.8264	
2199.6562	
2223.6372	
2232.03	
2268.5537	
2299.2927	
2305.2368	
2338.8062	
2344.9612	
2348.6863	
2354.5403	
2353.9436	
2355.6653	
2348.0447	
2352.1675	
2353.618	
2367.8162	
2371.566	
2377.6816	
2373.7642	
2363.4514	
2362.3516	
2354.1433	
2352.8896	
2358.2114	
2362.5132	
2358.1914	
2358.0642	
2362.2722	
2365.3586	
2383.3994	
2380.0896	
2393.053	
2394.0413	
2400.648	
2397.91	
2395.2036	
2396.205	
2397.786	
2402.0369	
2401.2869	
2396.2175	
2399.6045	
2398.9956	
2395.3135	
2396.497	
2395.9927	
2389.3467	
2392.7344	
2392.0105	
2386.8389	
2375.512	
2338.5134	
2256.5515	
2205.3467	
2175.991	
2162.3008	
2145.738	
2138.8171	
2133.6067	
2117.796	
2083.2058	
2071.2568	
2060.9534	
2057.2058	
2054.3408	
2040.2328	
2030.5045	
2029.7748	
2017.1892	
2004.2283	
1996.1396	
1989.6082	
1981.1351	
1978.8993	
1960.8315	
1943.6766	
1924.2858	
1897.1852	
1885.4766	
1859.1177	
1819.4525	
1809.6194	
1789.3864	
1789.5636	
1796.3839	
1797.041	
1809.8405	
1804.7169	
1795.8372	
1780.8372	
1765.6423	
1744.4253	
1731.66	
1758.218	
1750.7848	
1747.8761	
1743.2844	
1740.9419	
1737.661	
1729.9156	
1727.6107	
1711.1277	
1711.5876	
1708.2169	
1695.8553	
1686.3046	
1686.7693	
1677.723	
1678.4092	
1678.1815	
1666.6016	
1664.5941	
1682.5348	
1691.1283	
1704.8344	
1700.7709	
1701.4427	
1694.2853	
1694.3411	
1697.4387	
1704.5194	
1703.9209	
1708.7845	
1708.0527	
1707.2015	
1713.5885	
1718.9735	
1734.9954	
1751.003	
1766.9783	
1771.2861	
1776.829	
1777.9875	
1779.8413	
1797.2118	
1806.0453	
1809.5944	
1812.5709	
1814.5078	
1816.9608	
1816.3877	
1810.821	
1808.9733	
1802.1824	
1802.2914	
1803.2997	
1809.2848	
1811.0997	
1814.1598	
1819.0791	
1831.2408	
1833.6593	
1837.935	
1837.943	
1836.1902	
1828.6656	
1815.0951	
1811.5721	
1804.0681	
1807.2126	
1795.646	
1783.6868	
1785.0879	
1788.8163	
1796.4281	
1804.9792	
1819.6335	
1844.448	
1858.2456	
1865.9421	
1860.9421	
1864.3457	
1880.2335	
1886.9758	
1890.8776	
1892.9823	
1895.8679	
1894.1659	
1891.2528	
1891.3694	
1892.1277	
1896.7897	
1902.4668	
1900.6127	
1892.2577	
1883.1896	
1878.8817	
1852.5494	
1834.0454	
1820.1653	
1824.5845	
1810.3701	
1804.7142	
1800.1802	
1797.6932	
1800.5892	
1793.4147	
1794.5106	
1793.7594	
1805.482	
1808.86	
1797.0961	
1782.4365	
1762.5359	
1763.0146	
1754.9625	
1755.2264	
1759.8102	
1766.6361	
1763.2917	
1749.2524	
1743.336	
1745.2316	
1746.2365	
1749.7253	
1749.3328	
1753.8334	
1753.2278	
1748.5529	
1744.3663	
1755.486	
1752.5522	
1752.0299	
1761.5083	
1755.7126	
1755.0283	
1750.09	
1747.82	
1748.0183	
1747.3556	
1749.6461	
1749.4224	
1755.6844	
1761.3796	
1763.1772	
1759.4489	
1758.139	
1759.5092	
1759.6549	
1752.2831	
1745.6309	
1737.1796	
1722.3641	
1694.7114	
1686.5234	
1671.5522	
1660.9933	
1656.9747	
1653.2112	
1651.7567	
1645.2584	
1584.494	
1588.2352	
1596.5262	
1602.0406	
1622.0764	
1614.2563	
1615.6587	
1609.8405	
1610.7058	
1610.5629	
1611.9745	
1606.83	
1616.2488	
1614.1414	
1614.5665	
1609.1946	
1605.7435	
1603.9163	
1595.8958	
1679.7966	
1697.8223	
1712.8665	
1724.7367	
1729.6816	
1736.1721	
1726.1532	
1717.5284	
1725.8193	
1728.2633	
1737.2776	
1742.469	
1748.7086	
1756.5087	
1760.069	
1764.6155	
1766.1707	
1771.5535	
1774.9845	
1771.938	
1770.4138	
1774.6874	
1777.6799	
1793.74	
1804.773	
1803.4021	
1805.8872	
1814.1024	
1815.0156	
1817.0486	
1825.3705	
1833.7931	
1841.927	
1849.3687	
1859.4053	
1869.8136	
1874.1294	
1881.0927	
1887.9651	
1890.8322	
1888.3135	
1901.5316	
1903.2491	
1911.1685	
1908.5842	
1906.4421	
1900.8087	
1892.514	
1896.9912	
1895.0211	
1896.4067	
1896.8236	
1900.1517	
1896.2699	
1887.2839	
1871.3192	
1862.1217	
1848.5574	
1839.5662	
1838.5096	
1837.338	
1825.2495	
1820.2849	
1823.9451	
1819.8405	
1823.2913	
1821.032	
1818.9308	
1821.4724	
1820.5168	
1819.742	
1818.9075	
1825.191	
1821.7821	
1816.7928	
1811.9857	
1805.5018	
1785.5931	
1778.8977	
1771.1742	
1760.1274	
1727.3645	
1724.3921	
1711.6726	
1722.576	
1718.9764	
1723.2014	
1706.5645	
1696.3375	
1683.4011	
1671.7332	
1662.2577	
1652.3248	
1655.04	
1655.1624	
1646.938	
1632.0602	
1635.633	
1624.7302	
1608.8917	
1593.1138	
1598.2744	
1603.6162	
1608.9741	
1646.548	
1649.8872	
1645.6543	
1616.4159	
1604.8074	
1594.5603	
1579.9369	
1577.1559	
1579.8959	
1575.4543	
1566.4786	
1562.054	
1569.1978	
1564.2556	
1552.3489	
1554.5112	
1549.1624	
1549.4795	
1551.5933	
1558.957	
1565.6176	
1576.5337	
1583.0206	
1598.8296	
1616.4672	
1626.5743	
1646.6724	
1641.951	
1641.1812	
1622.9	
1616.9962	
1623.9073	
1618.8998	
1616.411	
1627.8314	
1625.178	
1626.7424	
1630.873	
1634.962	
1630.4896	
1641.0228	
1638.5856	
1644.2719	
1652.8035	
1655.0515	
1667.4141	
1671.0973	
1679.1108	
1678.1664	
1694.816	
1701.182	
1699.1417	
1703.7778	
1701.7988	
1702.3544	
1700.9769	
1701.2096	
1706.1615	
1704.946	
1716.183	
1720.4663	
1727.7784	
1732.9943	
1791.4855	
1787.8336	
1782.1837	
1777.2766	
1782.7737	
1785.648	
1794.0387	
1798.6112	
1801.5698	
1806.3508	
1806.3644	
1798.2733	
1781.3062	
1744.6938	
1736.5736	
1740.6182	
1764.312	
1781.5911	
1812.7965	
1821.1938	
1837.2078	
1837.1107	
1851.3463	
1870.9358	
1877.4249	
1891.0254	
1892.8304	
1895.1875	
1908.1761	
1915.1549	
1913.3647	
1919.8169	
1911.4784	
1900.376	
1890.3779	
1882.5157	
1870.4429	
1863.5862	
1856.7189	
1838.4524	
1836.9484	
1840.3115	
1839.2341	
1854.1929	
1849.7395	
1857.6481	
1870.5	
1872.1415	
1880.4283	
1886.4211	
1877.8602	
1877.457	
1879.4312	
1870.8762	
1867.082	
1866.252	
1867.712	
1872.05	
1835.7855	
1831.3286	
1838.0421	
1843.5844	
1846.3715	
1840.5928	
1874.8951	
1875.9818	
1886.8202	
1885.2064	
1901.5619	
1911.217	
1921.3564	
1926.503	
1919.0387	
1903.501	
1902.0814	
1916.996	
1933.6373	
1943.2458	
1957.7397	
1967.3943	
1963.6201	
1964.696	
1956.9465	
1964.7238	
1960.75	
1954.878	
1946.9917	
1938.1573	
1931.5569	
1937.4348	
1951.2319	
1946.5446	
1933.7826	
1930.0642	
1902.1284	
1888.6564	
1867.0435	
1861.1077	
1849.0455	
1828.749	
1828.5664	
1810.2449	
1814.7449	
1821.944	
1810.8485	
1817.3547	
1825.417	
1834.973	
1879.1743	
1892.8962	
1916.5374	
1924.9004	
1920.7655	
1920.417	
1922.4772	
1925.2946	
1937.8029	
1938.314	
2014.476	
2008.8058	
2012.8894	
2011.5198	
2013.666	
2013.1482	
2009.6179	
2019.0084	
2023.0503	
2044.1282	
2050.2627	
2058.4138	
2078.8188	
2083.4695	
2092.0	
2083.9302	
2087.4946	
2088.6174	
2085.4175	
2074.4004	
2065.2075	
2058.2437	
2016.1144	
2010.464	
2011.4713	
2097.794	
2115.535	
2112.089	
2108.671	
2115.0405	
2118.9084	
2121.6653	
2112.6482	
2113.1707	
2112.861	
2134.53	
2127.5386	
2135.9336	
2133.1907	
2145.4229	
2156.1292	
2152.5063	
2167.6143	
2158.3298	
2163.9312	
2164.1272	
2162.9438	
2180.8374	
2179.36	
2194.5164	
2187.4404	
2178.2021	
2183.0	
2182.0981	
2194.3865	
2203.0088	
2200.348	
2202.2583	
2196.9016	
2197.8074	
2192.442	
2182.9211	
2178.1729	
2174.3005	
2165.8005	
2157.3071	
2121.9495	
2109.7825	
2091.4988	
2070.9297	
2070.257	
2065.5022	
2077.2124	
2091.9734	
2096.0112	
2108.4565	
2036.98	
2042.1428	
2038.4272	
2025.3535	
2022.0359	
2018.0989	
2007.8359	
2004.9348	
2001.2269	
1995.7478	
1992.1351	
1989.1986	
1976.176	
1972.5282	
1965.3973	
1965.6411	
1963.2302	
1964.614	
1973.7081	
1979.2941	
1981.2489	
1983.3982	
1984.9229	
1962.5704	
1963.0045	
1868.1886	
1857.1704	
1854.4591	
1860.8064	
1855.7426	
1863.1686	
1876.5057	
1874.3303	
1870.9818	
1875.968	
1855.3607	
1857.9268	
1855.6774	
1860.4393	
1855.2998	
1852.4691	
1852.2402	
1845.9679	
1847.4128	
1848.6537	
1852.844	
1859.094	
1856.7798	
1878.4207	
1874.7057	
1896.7051	
1905.5023	
1926.4296	
1944.0693	
1930.5266	
1959.493	
1967.3148	
1982.1505	
2021.8516	
2049.4534	
2080.3855	
2101.103	
2110.9204	
2128.406	
2149.894	
2167.7295	
2188.6062	
2204.3325	
2216.54	
2240.4788	
2257.0896	
2271.665	
2277.172	
2294.474	
2309.67	
2321.2476	
2334.4255	
2337.1963	
2346.5698	
2357.7068	
2370.6902	
2382.1086	
2397.1868	
2409.9668	
2418.8982	
2429.654	
2435.5378	
2453.4265	
2470.4502	
2463.6777	
2481.6943	
2498.7205	
2516.4265	
2528.3435	
2534.2205	
2542.0046	
2541.6184	
2547.5356	
2545.14	
2557.3198	
2558.7417	
2565.8364	
2564.891	
2556.1943	
2558.924	
2562.3657	
2554.9548	
2554.6667	
2559.0642	
2573.6548	
2569.4	
2571.1572	
2567.8691	
2561.8572	
2561.062	
2560.919	
2552.188	
2545.8047	
2554.036	
2563.6626	
2567.5957	
2572.1724	
2571.7314	
2558.4316	
2532.446	
2518.554	
2508.0095	
2498.0024	
2489.5288	
2469.7212	
2444.2068	
2407.9639	
2387.6707	
2368.4712	
2342.318	
2325.4988	
2310.6375	
2288.494	
2273.0364	
2223.8127	
2188.348	
2161.562	
2136.5354	
2120.7275	
2111.2896	
2078.8809	
2051.8928	
2038.0365	
2009.8662	
1978.365	
1946.8414	
1929.1565	
1912.9976	
1899.648	
1893.0762	
1887.3695	
1875.2906	
1864.558	
1832.8218	
1819.9258	
1779.6486	
1779.4901	
1760.3416	
1757.6906	
1742.3193	
1735.0421	
1701.2722	
1675.5941	
1650.8911	
1638.8561	
1620.9976	
1605.1741	
1596.626	
1587.7332	
1592.0723	
1571.2793	
1566.2494	
1565.6683	
1558.2793	
1556.1023	
1551.1595	
1562.0675	
1566.2406	
1564.1704	
1559.0402	
1529.3734	
1513.8472	
1499.7944	
1489.0902	
1485.3434	
1477.5112	
1484.228	
1478.4336	
1468.4286	
1459.9548	
1433.3158	
1417.4236	
1404.3794	
1399.3267	
1393.294	
1393.5555	
1388.3823	
1384.476	
1379.4608	
1370.038	
1358.9924	
1353.481	
1349.4988	
1346.243	
1344.9012	
1343.6548	
1350.5536	
1352.358	
1355.9719	
1355.018	
1353.2737	
1355.8568	
1356.0383	
1372.3718	
1382.5538	
1387.4103	
1402.6128	
1417.9486	
1415.2622	
1420.2031	
1425.5372	
1432.7352	
1451.2571	
1459.8866	
1470.1727	
1481.7062	
1484.3049	
1482.7596	
1487.9534	
1499.239	
1500.6078	
1511.7142	
1518.678	
1523.2727	
1537.5532	
1540.883	
1543.9689	
1543.3844	
1552.3611	
1556.8203	
1565.0444	
1564.564	
1580.1519	
1587.4293	
1596.5039	
1603.9369	
1606.5079	
1597.5815	
1580.3315	
1579.6658	
1579.1132	
1572.7421	
1548.4105	
1542.0526	
1522.1974	
1518.3105	
1519.8	
1523.2771	
1519.256	
1512.9604	
1512.9473	
1515.0159	
1514.3953	
1520.5612	
1529.6171	
1534.4043	
1534.2527	
1541.1277	
1563.7667	
1566.2252	
1586.0161	
1595.7838	
1593.9379	
1591.1243	
1589.6838	
1589.354	
1591.773	
1598.0189	
1607.319	
1603.073	
1602.4865	
1605.2919	
1603.1216	
1605.1951	
1599.7561	
1591.5664	
1588.7778	
1597.7384	
1598.8883	
1569.3951	
1572.1885	
1566.3232	
1583.6896	
1583.8434	
1605.1703	
1601.2445	
1599.3818	
1584.9697	
1563.0413	
1557.3159	
1550.3022	
1538.706	
1540.9945	
1533.6099	
1538.6127	
1530.6832	
1522.1625	
1511.4668	
1498.0028	
1490.6243	
1479.2955	
1465.4475	
1469.6417	
1474.8583	
1482.8134	
1479.4513	
1484.9497	
1481.81	
1474.4022	
1486.7219	
1470.9265	
1463.8046	
1469.8068	
1468.9915	
1453.9489	
1448.2336	
1449.302	
1467.4772	
1470.5286	
1479.1261	
1517.5387	
1524.192	
1530.1833	
1537.7393	
1543.3822	
1551.9395	
1551.3861	
1553.6139	
1548.9481	
1549.1383	
1545.2891	
1542.3121	
1543.0377	
1533.4232	
1525.9536	
1525.7623	
1520.4783	
1514.1217	
1520.8226	
1524.7035	
1525.564	
1508.5233	
1506.689	
1506.1166	
1501.8658	
1502.2128	
1500.2507	
1529.8776	
1532.8396	
1537.1982	
1539.0264	
1546.3889	
1548.1375	
1541.345	
1542.2836	
1528.7947	
1520.9764	
1514.8618	
1510.847	
1507.0502	
1484.2272	
1485.216	
1485.7307	
1498.5685	
1496.4971	
1492.6101	
1493.0686	
1493.603	
1490.3433	
1483.7642	
