0
0
0
0
21
20
7
17
22
14
29
29
27
14
17
12
21
14
14
10
12
14
33
17
10
24
12
9
8
22
7
10
16
1
14
13
7
11
2
10
7
7
7
6
9
8
16
4
5
11
8
6
12
5
7
4
5
6
10
5
8
15
3
0
3
8
4
5
5
4
4
8
5
1
0
0
3
10
3
11
0
2
5
0
0
1
3
3
8
3
3
1
3
0
3
5
3
9
1
4
7
2
2
1
2
1
2
1
0
3
4
0
0
0
0
3
0
9
1
0
1
2
3
0
3
1
0
2
6
6
0
1
0
0
2
0
0
6
2
0
0
0
2
0
1
1
1
3
1
0
0
5
5
0
0
0
0
0
0
1
0
1
0
3
0
4
0
0
0
0
1
0
0
0
0
1
0
0
0
0
5
0
2
0
0
0
1
2
0
0
2
0
0
0
0
0
0
0
4
0
0
0
0
0
0
0
0
0
1
0
1
0
0
0
0
0
1
0
0
0
0
0
0
0
1
0
1
0
0
0
0
6
0
0
0
0
0
0
0
0
0
0
0
0
0
0
0
0
0
0
0
0
0
0
4
0
0
0
0
0
0
2
0
0
0
0
0
0
0
0
0
0
0
1
0
0
1
0
0
0
1
0
0
0
0
0
0
0
0
0
0
0
0
0
0
2
2
0
0
1
0
1
0
0
0
0
0
0
0
0
0
0
0
2
0
0
0
0
0
0
0
0
0
0
0
0
0
0
0
0
1
0
0
0
0
0
0
0
0
0
0
0
0
0
0
0
0
0
0
0
0
0
0
0
0
0
0
0
0
0
0
0
0
0
0
0
0
0
0
0
0
0
0
0
0
0
0
0
0
0
0
0
0
0
0
0
0
0
0
0
0
0
0
0
0
0
0
0
0
0
0
0
0
0
0
0
0
0
0
0
0
0
0
0
0
0
0
0
0
0
0
0
4
0
0
0
0
0
0
0
0
0
0
0
0
0
0
0
0
0
0
0
0
0
0
0
0
0
0
0
0
0
0
0
0
0
0
0
0
0
0
0
0
0
0
0
0
0
0
0
0
0
0
0
0
0
0
0
0
0
0
0
0
0
0
0
0
0
0
0
0
0
0
0
0
0
0
0
0
0
