0
0
0
0
77
61
71
60
76
51
24
36
32
52
34
29
23
32
24
52
22
24
37
29
17
34
27
36
21
25
30
25
26
19
25
12
25
15
24
17
23
16
18
14
13
15
10
17
12
14
16
32
15
22
12
14
21
12
12
13
13
29
21
15
13
6
6
8
13
7
4
23
18
11
12
11
8
11
10
8
8
22
12
17
11
9
13
6
7
12
11
2
8
9
6
14
18
15
10
4
12
8
9
3
4
3
7
2
4
3
4
10
4
3
4
8
4
5
9
10
10
4
6
7
7
6
4
6
6
1
5
0
2
3
7
4
1
2
1
7
1
2
11
4
0
2
3
6
2
1
2
7
0
2
5
3
2
2
11
5
1
5
2
11
4
2
4
2
5
1
1
2
3
2
1
1
4
1
3
3
4
2
2
5
1
2
1
0
2
4
1
4
5
1
5
14
2
0
2
1
4
4
1
0
0
5
0
0
3
1
0
5
0
0
4
0
0
0
1
0
3
2
1
1
2
3
4
0
0
1
4
2
0
0
1
0
3
6
1
0
1
0
0
0
1
0
1
1
0
0
0
1
0
0
0
0
0
1
0
0
0
0
4
3
1
2
0
0
1
0
4
1
0
0
0
0
0
0
0
0
0
1
0
0
1
0
2
0
0
0
1
2
0
1
1
0
3
2
2
0
0
1
1
0
0
0
0
0
1
0
1
0
1
0
0
3
0
0
8
1
2
0
1
0
0
0
2
0
0
0
0
0
0
0
0
0
0
0
0
0
0
0
0
0
0
1
0
0
0
0
0
0
0
1
0
0
0
1
0
1
4
0
0
0
0
1
0
0
0
0
1
0
0
0
1
0
0
0
0
0
0
0
2
0
0
0
0
0
0
0
0
0
0
0
0
0
0
0
0
0
0
0
1
0
0
0
0
0
0
0
0
0
1
0
1
0
0
0
0
0
0
0
0
0
0
0
0
0
0
0
0
1
0
0
0
0
0
0
0
0
0
0
0
0
0
0
0
0
0
0
0
0
0
0
0
0
0
0
0
0
0
1
1
0
0
0
0
0
0
0
0
0
0
0
0
0
1
0
0
0
0
0
0
0
0
0
0
0
0
0
0
0
2
0
0
0
0
0
0
11
