11.192
11.54
12.305
13.0
13.59
13.966
14.724
15.33
16.13
16.876
17.336
17.889
18.431
18.962
19.551
20.076
20.487
20.869
21.168
21.545
21.865
22.211
22.517
22.77
22.994
23.155
23.618
23.834
24.05
24.421
24.477
24.338
24.346
24.578
24.852
25.122
25.454
25.768
25.979
26.281
26.597
26.837
27.07
27.365
27.643
27.934
28.206
28.496
28.782
29.066
29.369
29.746
30.042
30.345
30.709
31.074
31.501
31.883
32.282
32.715
33.166
33.59
33.959
34.462
34.823
35.167
35.569
35.829
36.089
36.445
36.805
37.082
37.356
37.449
37.296
37.157
36.941
36.781
36.49
36.13
35.915
35.602
35.620724
35.542255
35.272636
35.092556
35.13179
35.047283
34.91147
34.905434
35.04125
35.24346
35.58853
35.741447
36.11368
36.214287
36.559357
36.774647
37.254528
37.289738
37.71328
38.076458
38.267605
38.92656
39.41046
39.760563
40.344063
40.785713
41.250504
41.555332
41.922535
42.46982
42.95875
43.54125
44.10463
44.460766
44.810863
45.273643
45.72133
46.31992
48.09155
48.314888
48.72133
49.107647
49.422535
49.89135
50.287727
50.57545
51.05634
51.40845
51.813885
52.29477
52.55835
53.042255
53.19618
53.516098
53.847084
54.19517
54.4497
54.91046
55.32696
55.634808
56.130783
56.528168
56.869217
57.184105
57.379276
57.71127
58.235413
58.685112
59.199196
59.5
60.003017
60.50805
60.889336
61.564384
62.17002
62.749496
63.186115
63.473843
63.94366
64.33803
64.73139
65.07143
65.51509
65.912476
65.92656
66.11972
66.5
66.7837
67.06841
67.397385
67.544266
67.711266
67.91046
68.30282
68.59759
68.870224
69.311874
69.21227
69.133804
69.326965
69.17908
69.125755
69.35614
69.648895
69.83501
69.74044
69.633804
69.50503
69.669014
69.67505
69.67002
69.72535
69.877266
70.052315
70.347084
70.76459
71.06539
71.137825
71.238434
71.211266
71.51106
71.91449
72.39034
72.645874
72.71026
72.80483
73.3501
73.51106
73.823944
74.12777
74.370224
74.63179
75.05533
75.412476
75.692154
75.83401
75.74447
75.89135
76.07646
76.16197
76.24044
76.4175
76.05131
76.02716
76.0664
76.13682
76.10865
75.90443
75.80181
75.58652
75.39436
75.06841
74.96881
75.044266
75.2666
75.37827
75.2998
75.30684
75.021126
74.87324
75.04527
75.08048
75.23541
75.10161
75.14085
75.20322
75.42757
75.541245
75.669014
75.57746
75.33401
75.254524
75.00503
75.07143
74.854126
74.62475
74.64185
77.29477
77.05835
76.79879
76.9165
77.025154
77.52012
77.517105
77.42757
77.3169
77.187126
77.10966
77.16298
77.26459
77.222336
76.99195
76.9175
76.99899
77.15594
77.35312
77.2002
76.99296
76.85815
76.67706
76.74145
76.63883
76.21227
76.113686
75.8994
75.73139
75.75553
75.497986
75.35614
75.14185
74.90745
74.754524
74.86519
74.70322
74.72636
74.672035
74.61972
74.50302
74.506035
74.389336
74.24447
74.16399
74.00503
74.22736
74.13481
74.10966
74.12676
73.97585
74.13682
73.92958
73.932594
73.66197
73.777664
73.719315
73.722336
73.91851
73.893364
74.0161
73.93662
74.52716
74.719315
74.90644
74.847084
75.00704
74.90241
75.33199
76.056335
76.50101
76.82495
76.98793
77.57243
77.70624
77.95271
77.815895
77.823944
77.57847
77.598595
77.746475
77.63984
77.347084
77.20221
77.312874
77.32897
77.2666
77.27968
77.12676
77.03924
76.98692
76.8169
76.761566
76.33199
76.14085
76.246475
76.24447
76.397385
76.61771
76.77264
77.00302
77.20342
77.23061
77.379654
77.431015
77.42799
77.47029
77.49446
77.45015
77.55992
77.766365
77.95468
78.0
77.68781
77.89325
78.87814
79.15609
79.111786
79.136955
79.30312
79.271904
79.316216
79.60927
79.766365
79.68278
79.71601
79.7291
79.56596
79.503525
79.469284
79.493454
79.2709
79.20443
78.90634
78.88318
78.6717
78.44411
78.423965
77.86707
77.593155
77.39073
77.15911
77.1863
77.20846
76.749245
76.29507
75.576035
75.364555
75.16717
75.14199
75.38167
75.25277
75.360886
75.43649
75.54637
75.5998
75.554436
75.68448
75.71573
75.764114
75.445564
75.254036
75.08064
75.020164
74.914314
74.77823
74.52218
74.20867
73.914314
73.8246
73.648186
73.61996
73.63206
73.42843
73.3498
73.066536
72.62399
72.613914
72.59274
72.485886
72.47782
72.386086
72.25706
72.101814
72.09476
71.829636
71.64617
71.273186
71.210686
70.69758
70.61492
70.43649
70.11189
70.113914
70.18145
70.06351
70.06754
69.9002
69.75907
69.67843
69.65625
69.64919
69.61189
69.74093
69.81552
69.76814
69.80948
69.826614
69.74093
69.77823
69.53629
69.54738
69.52823
69.20665
69.370964
69.22883
69.06351
68.923386
68.7752
68.60081
68.57157
68.44254
68.517136
68.582664
68.560486
68.48186
68.210686
68.18851
68.042336
67.99294
67.91532
67.908264
67.625
67.527214
67.198586
66.902214
66.995964
66.97581
66.835686
66.75907
66.74294
66.57258
66.5252
66.4748
66.36996
66.21875
66.22379
66.035286
65.96364
65.7404
65.55556
65.57071
65.64646
65.566666
65.40202
65.273735
65.18687
65.229294
65.16465
65.166664
65.00404
65.14646
65.15151
65.244446
64.87273
64.53131
64.433334
64.2596
64.46667
64.59394
64.55454
64.27475
64.29798
64.39899
64.519196
64.52425
64.27576
64.06263
64.08081
64.175934
64.27098
64.22346
64.12538
64.07078
64.35389
64.61274
64.93731
64.98281
64.993935
65.33468
65.28109
65.30738
65.56117
65.533875
65.57938
65.62386
65.40951
65.407486
65.30536
65.289185
65.11628
65.21233
64.98585
65.0273
65.30769
65.38563
65.67915
65.52631
65.72369
65.83806
65.96356
66.25506
66.010124
65.47976
65.54555
65.52227
65.54656
65.76417
65.800606
65.88664
66.081985
66.44838
66.67915
66.88158
66.879555
67.06781
67.33806
67.48583
67.31984
67.478745
67.6245
67.6579
67.80364
68.05769
68.604866
68.69706
68.914894
68.85512
68.92908
69.0922
69.20871
69.3384
69.24924
69.1155
69.0081
68.786224
68.721375
68.866264
68.81864
68.729485
68.5157
68.619675
68.8996
68.850914
68.8499
68.72312
68.52029
68.64503
68.698784
68.5142
68.48174
68.3854
68.04361
68.00507
67.94625
67.8357
67.7495
67.64807
67.40466
67.22921
67.09737
66.90669
66.94827
67.08722
67.10142
66.911766
66.87728
66.83976
66.5284
66.48479
66.36004
66.37728
65.87221
65.846855
65.50811
65.44016
65.340775
65.111565
65.07911
64.91075
64.813385
64.92799
64.859024
64.74341
64.30426
64.21298
64.04767
63.902637
63.900608
63.94726
63.85294
63.74138
63.39148
63.180527
63.24341
63.060852
62.79716
62.438133
62.217037
62.144016
61.897568
61.68864
61.344826
61.268764
61.590862
61.411167
61.34721
61.626015
61.753048
62.007114
61.530487
61.43191
61.54065
61.718494
61.85671
61.885162
61.973576
61.955284
61.827236
61.853657
61.94512
61.989838
61.979675
61.887196
61.98069
62.279472
62.44004
62.47561
63.025406
62.996952
63.27393
63.204685
63.330956
63.188393
62.95112
62.935844
62.837067
62.983707
63.10204
63.081635
63.190815
63.25408
63.17551
63.108162
63.22755
63.459183
64.12143
64.21224
64.40306
64.40204
64.50102
64.55817
64.53061
64.61696
64.59142
64.618996
64.78549
64.72319
64.68028
64.93769
64.94178
64.97344
64.98876
64.99898
64.95608
64.888664
65.138916
65.57304
65.716034
65.728294
65.87334
65.92135
66.03473
66.404495
66.53217
66.72523
66.70684
66.84474
67.11951
67.22983
67.16956
66.99183
66.88049
66.978546
67.50868
67.44433
67.58631
67.588356
67.849846
67.51277
67.27273
67.3953
67.44229
67.40143
67.30746
67.04903
67.05209
67.2523
67.2094
67.10623
67.11031
66.764046
66.6476
66.42288
66.10521
66.273
66.37423
66.41922
66.55726
66.6953
66.97853
67.00102
67.23109
67.2137
68.38855
68.37833
68.52303
68.5261
68.341866
68.52098
68.60901
68.60901
67.83009
67.58342
67.6346
67.67861
67.78996
67.809425
67.86168
67.88832
67.91906
67.946724
67.746925
67.86168
67.797134
67.49641
67.667694
67.58667
67.47897
67.65539
68.34461
68.6318
68.347694
67.99282
67.88296
67.80082
67.82323
67.992805
68.44913
68.31346
68.429596
68.144035
68.06687
68.21502
68.143005
67.96811
67.608025
67.65124
67.640945
67.22839
66.84876
66.84054
66.47016
66.53189
66.42284
66.61626
66.820984
66.79012
66.984566
67.05761
66.986626
67.05761
66.954735
64.94033
64.8642
65.1965
65.12757
65.3179
65.40432
65.63337
65.71885
65.42636
65.276
65.31959
65.21237
65.05773
64.980415
64.707214
64.59959
64.43137
64.15377
64.18472
64.223946
64.24458
64.458206
64.4386
64.49742
64.28483
64.32404
64.82972
64.92157
65.46336
66.03509
66.36326
66.71414
66.760574
67.06708
67.06398
67.3065
67.31476
67.11249
67.15273
66.96904
66.09598
66.03409
65.81612
65.70558
65.7376
65.515495
65.40289
65.431816
65.349174
65.15496
64.80269
64.32025
64.18285
64.14773
63.936985
63.79132
63.55682
63.73347
63.93182
64.11467
64.01758
64.10445
64.13133
64.19028
64.32058
64.19028
64.06825
63.65357
63.254395
63.056934
62.82712
62.675983
62.607662
62.656994
62.848705
62.86425
62.776165
62.855957
62.573055
62.612434
62.558548
62.58549
62.55233
62.395855
62.345078
62.527462
62.53112
62.610996
62.89004
62.967842
63.215767
63.497925
63.66355
63.661476
63.617863
63.612667
63.843197
63.987537
64.33956
64.23181
64.68399
64.91268
64.57069
64.6975
64.37734
63.991684
63.799377
63.613304
63.51559
63.434513
63.33368
63.31081
63.14761
63.33888
63.370064
63.33472
63.160084
63.2154
63.2154
63.03746
62.96358
63.1436
63.315296
63.310093
63.306973
63.495316
63.65765
63.562954
63.51146
63.597496
63.580814
63.475494
63.405632
63.406673
63.33994
63.22315
63.316998
63.32951
63.583942
63.5902
63.437958
63.557873
63.584984
63.882168
64.068825
64.32012
64.40041
64.51306
64.48276
64.360504
64.33647
64.26123
64.41693
64.63323
64.82654
65.19331
65.177635
65.11808
65.14942
65.036575
65.05329
64.69592
64.46186
64.20585
63.792057
63.780563
63.808777
63.96548
63.881798
64.06485
63.935146
63.76569
63.27092
63.011505
62.75209
62.578453
62.24293
61.61152
61.341362
61.100525
60.78115
60.49843
60.3822
60.33543
60.38615
60.19937
60.285416
60.3064
60.466385
60.382355
60.318275
60.47059
60.52731
61.64391
61.712185
61.682774
61.668068
61.62185
61.468487
61.35504
61.34454
61.14706
61.01996
61.13144
61.355415
61.632244
61.710667
61.862724
61.86061
61.843716
61.74868
61.596622
61.328407
61.31679
61.050686
60.872227
60.7833
60.707935
60.778603
60.570976
60.58898
60.47402
60.3807
60.059383
60.07105
59.984093
59.78473
59.699894
59.55355
59.240723
58.769882
58.65037
58.702446
58.724762
58.699257
59.04782
59.398514
59.52816
59.709885
59.97981
60.20829
60.839363
61.06922
61.047924
61.29606
61.629395
62.261192
62.50587
62.64781
63.036285
63.07684
62.989326
62.99573
63.07044
63.34472
63.407684
63.716114
63.797226
63.89968
63.827106
63.807896
64.21131
64.371796
64.49573
64.69519
65.283424
65.00855
64.9861
65.00963
65.0139
65.09305
65.1754
65.34225
65.408554
65.63957
66.26203
66.29229
66.52463
66.57494
66.58351
66.546036
66.726685
66.7567
66.66774
66.24437
66.38305
66.22532
66.25
66.15558
65.947426
66.081635
66.5478
66.73147
66.402794
66.172935
66.270676
66.43501
66.32008
66.65736
66.68529
66.798065
66.59506
66.62836
66.63802
66.69925
66.76477
66.63695
66.554245
66.48872
66.32008
66.49087
66.13426
66.15682
66.12889
65.971
65.887215
65.548874
65.06236
64.93757
64.6028
64.25942
63.850376
63.155006
62.84607
62.734123
62.51776
62.548977
62.488148
62.62783
62.489754
62.499462
62.28479
62.213593
62.471413
62.105717
61.86408
62.063713
62.302376
62.516197
62.728943
62.568035
62.445404
62.541622
62.68
62.793514
63.407566
63.487015
63.567715
63.599133
63.79957
63.7974
63.492958
63.541214
63.519524
63.930584
64.31596
64.217155
64.414764
64.311615
64.26167
64.27826
64.20109
64.33044
64.26413
64.314476
64.25054
64.352234
64.118866
64.03053
64.10142
64.16703
63.997814
63.980328
63.942078
64.143166
64.27104
64.31694
64.36831
64.27541
64.11366
64.0
63.93224
64.07978
63.90601
63.91038
63.914753
63.949726
64.224045
63.645515
63.463894
63.456238
63.675056
63.782276
63.90372
63.929977
64.10844
64.06572
64.02848
64.03176
64.09529
64.117195
63.858707
63.855423
63.909092
63.704273
63.458927
63.400875
63.43702
63.966007
63.903507
63.401318
63.611843
63.07237
62.825657
63.080044
63.061405
62.821075
62.554337
62.511524
62.331505
62.310646
61.541164
61.625687
61.625275
61.372528
61.30143
60.874588
60.852585
60.865788
60.70077
60.353523
60.12665
60.116867
59.95259
59.906284
60.30871
60.417862
61.103638
61.42117
61.93495
62.08159
62.30099
62.33407
62.32525
62.44873
62.622932
62.581676
62.88521
62.60596
62.651215
62.354305
62.336643
62.316776
62.281456
62.540333
62.553593
62.649723
62.756905
62.94033
63.37569
63.506077
63.91271
64.531494
65.31492
65.61215
65.75083
65.97453
66.250275
66.65854
66.9102
67.35699
67.36959
67.25083
67.277466
67.402885
67.36404
67.43396
68.55494
68.396225
68.29079
68.238625
68.69923
68.60932
68.443954
68.046616
67.99001
67.71365
67.79023
68.26637
68.63596
68.52053
68.512764
68.514984
68.588234
68.5616
68.43174
68.08768
68.076584
68.01887
68.08657
67.89567
67.77556
67.937775
67.92111
67.653336
67.615555
67.72444
67.708885
67.63778
67.55666
67.57
67.44444
67.28889
66.70111
66.40823
65.98663
66.21269
65.97216
65.95769
66.07015
65.789536
65.78731
65.5245
65.43318
65.41871
65.5167
65.69822
66.03452
66.18597
66.412025
66.53341
66.94432
67.08909
66.65367
66.412025
65.858574
65.90757
65.47996
64.69342
63.83166
63.63434
63.61204
63.579712
63.09699
62.975475
62.87291
62.65775
62.4136
62.410255
62.24749
62.24303
62.276478
62.39019
62.839466
62.934227
63.082497
63.13601
62.826088
62.75585
62.534
62.307693
62.132812
62.146206
62.204243
62.02009
62.059284
62.077183
62.02461
62.098434
62.002235
62.128925
62.193947
62.255604
62.596413
62.642376
62.785393
62.998875
63.240448
63.469067
63.66479
63.955006
63.923508
63.889763
63.952755
63.97413
64.0
64.027
63.86389
63.793026
63.679417
63.344208
63.385826
62.856983
62.86036
62.79617
62.795044
62.813065
62.86599
62.949326
63.675674
64.18151
64.055244
63.845547
63.731678
63.600903
63.563698
63.286358
63.141083
62.88939
63.22799
63.470654
63.607224
65.12754
65.529945
65.755936
65.70396
65.67006
65.78644
66.26102
66.28927
66.47797
66.541245
66.73333
66.84294
66.84746
66.60113
66.39209
66.1469
66.138985
65.91638
65.758194
65.696045
65.04525
65.035065
64.866516
64.593895
64.4819
64.23782
64.13137
63.80974
63.748585
63.807476
63.6829
63.62358
63.36168
63.434242
63.46599
63.6084
63.885357
63.531216
63.609535
63.79455
63.602726
63.54143
63.284904
63.44091
63.246872
63.32423
63.461887
63.50057
63.580204
63.6496
63.62685
63.565414
63.746304
63.90671
63.885098
63.987473
64.0467
64.21575
64.16895
64.28425
64.44977
64.537674
64.608444
63.621006
63.372147
63.26057
63.812572
63.593143
63.666286
63.451427
63.322655
63.075516
63.0
62.65103
62.57666
62.437073
62.266895
62.15693
62.087055
61.967926
61.818806
61.95642
61.760323
61.68578
61.499428
61.712315
61.549538
61.496544
61.376728
61.3606
61.725807
61.79493
61.84908
62.124424
62.559906
62.72235
62.89516
62.730415
62.963093
63.329098
63.577366
63.70208
63.788685
64.16166
64.10854
64.351036
64.523094
64.889145
65.09354
64.85912
64.86259
64.68129
64.59306
64.291664
64.041664
63.785633
63.815544
63.777004
63.7108
63.439026
63.222996
62.99187
62.793262
62.72822
62.545876
62.391407
62.1777
62.081303
61.781395
61.927822
61.644936
61.684517
61.504074
61.245636
61.71013
61.71562
61.95338
62.174824
64.38156
64.4743
64.51051
64.600464
63.99182
64.09696
63.964954
64.0655
64.31579
64.50234
64.56155
64.88028
64.81338
64.86385
64.921364
64.61385
64.24531
63.89789
64.05164
63.92488
64.03521
63.767605
63.7946
63.909626
63.642017
63.80047
63.81103
63.71479
63.890717
63.952995
63.86369
63.28437
62.841175
62.91647
62.998825
62.942352
63.027058
63.12014
63.012955
63.221436
63.660778
63.574795
64.14723
64.3617
64.32624
64.15958
64.202126
64.380615
64.31679
64.35107
64.2896
64.163124
64.1182
64.29112
64.4071
64.505325
64.49882
64.74021
65.019005
65.16983
65.322235
65.33175
65.54762
66.32381
66.67976
67.084526
67.50833
67.13809
67.02619
66.790474
66.82619
66.328575
65.8381
65.63452
65.1131
64.920235
62.820023
62.77473
62.808105
62.911694
63.122913
63.12172
63.245823
63.240143
63.001194
62.941456
63.264038
63.0
62.671444
62.655914
62.39785
62.605736
62.67105
62.55622
62.29665
62.227547
62.293415
62.33693
62.107914
61.67746
61.449642
61.171463
61.169064
61.105515
60.996403
61.06115
61.033573
60.917267
60.635056
60.385353
60.463387
60.45673
60.26803
59.848377
59.852837
59.451145
59.110977
58.9228
58.431847
58.176117
57.794933
57.4843
57.390095
57.321255
57.38889
57.225845
57.347828
57.50121
57.55381
57.31439
57.10036
57.20798
57.1318
56.88029
56.963726
56.888756
57.01693
56.82346
56.51995
55.933414
55.736076
55.426666
55.02182
55.013332
55.02909
55.004856
55.004856
54.959953
54.968445
55.058323
54.8469
54.804134
54.74665
54.676006
54.61876
54.69756
55.15648
55.316628
55.257946
55.12225
55.149143
55.198044
55.38923
55.4541
55.65973
55.761322
56.11873
56.42962
56.450428
56.57038
56.962055
57.139534
57.430843
57.587517
57.761322
57.741737
57.652386
57.738068
57.591187
57.493267
57.642944
57.766872
57.923927
57.748466
57.91043
57.939877
57.820858
58.164417
58.61227
59.917587
60.237686
60.54803
60.772167
60.804188
61.333744
61.378544
61.511715
61.506783
61.46486
61.578297
61.763256
61.82244
61.829838
61.880394
61.926018
61.89519
61.96424
61.82244
61.958076
61.935883
61.562267
61.644444
61.48084
61.611866
61.58838
61.520397
61.530285
61.388134
61.446228
61.429455
61.605198
61.73391
61.589108
61.5297
61.464108
61.66213
61.727722
61.721535
61.335396
61.226486
61.159653
61.116337
60.92698
61.114002
60.980175
61.084263
60.98141
61.096893
60.84472
60.51056
60.06211
60.058456
59.63263
59.503113
59.393524
59.234413
58.8803
59.02369
58.9788
59.522446
59.65711
59.948814
60.179775
60.32375
60.43125
60.75125
61.2325
61.595
61.8275
61.9025
61.6625
61.4925
61.41375
61.30875
60.805
59.80875
59.86125
59.87875
59.859825
60.006256
59.435543
59.562656
59.577694
59.605263
59.67293
59.69925
59.5802
59.42105
59.3396
59.429108
59.143036
59.45922
59.480553
59.519447
59.553326
59.905895
60.173367
60.089195
60.26759
60.01382
60.16583
60.07412
59.811558
59.96855
60.24654
60.555973
60.71824
60.591194
60.79723
60.77834
60.783375
60.651134
60.86398
61.01763
61.358944
61.729218
61.960957
62.944515
62.882725
62.747475
62.910355
62.69318
62.747475
62.684345
62.63005
62.753788
62.839645
62.825756
62.70707
62.74495
62.67298
62.666668
62.478535
62.2933
62.10493
61.986076
61.845375
61.633713
61.444866
61.050697
60.91508
60.544994
60.221798
59.9455
59.92376
60.1385
60.246506
60.75954
60.818066
60.762085
60.673027
60.38677
60.159035
59.97328
59.762085
59.694656
59.903183
60.10728
59.980843
60.132824
60.17752
59.828865
59.8555
59.742966
59.609974
59.327366
59.21867
59.331627
59.16005
59.120514
58.888462
58.80128
58.810257
58.764782
58.73359
58.765766
58.713917
58.21907
58.15335
58.939354
58.97032
58.63355
59.63742
59.70968
59.585808
59.47226
59.343227
59.55484
59.39742
59.281292
58.978065
58.576775
58.35788
57.896507
58.24741
58.61738
58.81712
58.820778
58.733765
58.683117
58.79714
58.76463
58.53706
58.42783
58.20286
58.161247
58.246094
58.320312
58.23698
58.303387
58.42578
58.520832
58.705345
58.64491
58.43995
58.50914
58.58877
58.361618
