##FastQC	0.9.2
>>Basic Statistics	pass
#Measure	Value	
Filename	8_100326_FC6107FAAXX-chr22.fastq	
File type	Conventional base calls	
Encoding	Sanger / Illumina 1.9	
Total Sequences	634626	
Sequence length	76	
%GC	54	
>>END_MODULE
>>Per base sequence quality	fail
#Base	Mean	Median	Lower Quartile	Upper Quartile	10th Percentile	90th Percentile
1	32.051762770513655	34.0	34.0	34.0	30.0	34.0
2	31.790358415822862	34.0	34.0	34.0	29.0	34.0
3	31.569212418022584	34.0	34.0	34.0	27.0	34.0
4	31.5673829940784	34.0	34.0	34.0	27.0	34.0
5	31.534343061897875	34.0	34.0	34.0	27.0	34.0
6	31.627895800046012	34.0	34.0	34.0	28.0	34.0
7	31.543463394188073	34.0	34.0	34.0	28.0	34.0
8	31.394654489415814	34.0	34.0	34.0	27.0	34.0
9	31.37480657899298	34.0	34.0	34.0	27.0	34.0
10-14	31.78644997210956	34.0	34.0	34.0	29.2	34.0
15-19	31.74739673445462	34.0	33.6	34.0	29.6	34.0
20-24	31.46212730017365	34.0	33.0	34.0	29.0	34.0
25-29	30.955795381846947	34.0	33.0	34.0	26.2	34.0
30-34	30.43938256547951	34.0	32.2	34.0	22.8	34.0
35-39	29.83908947947295	34.0	32.0	34.0	14.2	34.0
40-44	29.104657231188135	34.0	31.0	34.0	2.0	34.0
45-49	28.21417023569787	33.2	30.0	34.0	2.0	34.0
50-54	27.12009876683275	33.0	28.2	34.0	2.0	34.0
55-59	25.84061195097585	32.6	24.6	34.0	2.0	34.0
60-64	24.405410430710372	32.0	12.6	34.0	2.0	34.0
65-69	22.707230715413488	31.0	2.0	33.0	2.0	34.0
70-74	20.788338328401295	29.6	2.0	33.0	2.0	34.0
75-76	19.24651369468002	27.5	2.0	33.0	2.0	34.0
>>END_MODULE
>>Per sequence quality scores	pass
#Quality	Count
2	22385.0
3	902.0
4	2080.0
5	1947.0
6	2016.0
7	2740.0
8	3026.0
9	3607.0
10	3496.0
11	4074.0
12	4297.0
13	4660.0
14	4963.0
15	5573.0
16	6061.0
17	6487.0
18	7256.0
19	7573.0
20	8778.0
21	9201.0
22	10342.0
23	10730.0
24	12279.0
25	12994.0
26	15129.0
27	15807.0
28	19136.0
29	20549.0
30	27929.0
31	38316.0
32	80367.0
33	249793.0
34	10133.0
>>END_MODULE
>>Per base sequence content	pass
#Base	G	A	T	C
1	161451	138237	139464	195061
2	169840	152513	133170	179101
3	174279	143575	140676	176094
4	183414	133758	137034	180416
5	177378	144015	145715	167518
6	180760	141382	131515	180957
7	175186	140767	144859	173794
8	172391	142537	145031	174663
9	168553	141567	146320	178184
10-14	169382	146023	141124	178079
15-19	170246	143047	143868	177446
20-24	170418	143132	145824	175251
25-29	169445	143775	146584	174819
30-34	168666	144625	146677	174646
35-39	168060	143760	147541	175265
40-44	168150	143483	147112	175881
45-49	167620	144161	147417	175428
50-54	168172	142612	147667	176162
55-59	167762	143045	147529	176281
60-64	168566	143104	147659	175295
65-69	168448	142994	147157	175996
70-74	168397	142973	147658	175565
75-76	168803	143388	147113	175314
>>END_MODULE
>>Per base GC content	pass
#Base	%GC
1	56.21329111828361
2	54.98389597620008
3	55.20954139774103
4	57.330190254986434
5	54.3463394188073
6	56.99795466220411
7	54.991601087919115
8	54.68672690199835
9	54.63660372125857
10-14	54.47072352798246
15-19	54.16711312694053
20-24	54.253564005553024
25-29	54.318497681252495
30-34	54.48982492498654
35-39	54.58042682048585
40-44	54.7271253437683
45-49	54.83374459918126
50-54	54.98453407624393
55-59	55.180308830351585
60-64	55.41712169562305
65-69	55.71087262561064
70-74	56.12191515405163
75-76	56.90714045945167
>>END_MODULE
>>Per sequence GC content	warn
#GC Content	Count
0	0.0
1	0.0
2	0.5
3	0.5
4	0.0
5	0.5
6	0.5
7	0.0
8	0.0
9	0.0
10	1.5
11	3.0
12	3.0
13	6.0
14	15.5
15	29.5
16	47.0
17	57.0
18	84.5
19	127.0
20	179.5
21	217.0
22	296.0
23	489.5
24	731.5
25	859.0
26	1026.5
27	1465.5
28	1907.0
29	2077.0
30	2398.5
31	3161.5
32	3951.5
33	4300.0
34	4811.5
35	5883.5
36	6671.5
37	6899.0
38	7459.5
39	8711.0
40	10372.5
41	12209.0
42	13075.0
43	13884.0
44	15726.5
45	17450.5
46	18141.0
47	19416.0
48	21714.5
49	23658.5
50	24579.0
51	25250.5
52	27299.0
53	29152.5
54	29629.0
55	30837.0
56	32633.5
57	34434.5
58	35647.0
59	36059.0
60	35771.5
61	34395.5
62	33719.0
63	31971.5
64	28176.0
65	24110.0
66	19954.5
67	17817.0
68	16010.0
69	12505.0
70	9377.5
71	7948.0
72	6875.0
73	4948.5
74	3463.0
75	2831.0
76	2399.0
77	1698.0
78	1182.5
79	936.0
80	784.5
81	555.5
82	383.0
83	288.0
84	222.5
85	122.5
86	73.0
87	58.0
88	46.0
89	25.0
90	12.0
91	5.0
92	2.0
93	1.5
94	0.5
95	0.0
96	0.0
97	0.0
98	0.0
99	0.0
100	0.0
>>END_MODULE
>>Per base N content	pass
#Base	N-Count
1	0.06507769930636312
2	3.151462436143492E-4
3	3.151462436143492E-4
4	6.302924872286984E-4
5	0.0
6	0.0018908774616860956
7	0.0031514624361434927
8	6.302924872286984E-4
9	3.151462436143492E-4
10-14	0.001670275091156051
15-19	6.933217359515682E-4
20-24	0.0026787430707219686
25-29	0.09088817665837831
30-34	0.0010399826039273526
35-39	0.007153819730045728
40-44	0.006555041867178464
45-49	0.0
50-54	7.878656090358732E-4
55-59	0.13866434719031367
60-64	0.008036229212165905
65-69	0.0016072458424331811
70-74	0.001197555725734527
75-76	0.013708861597224191
>>END_MODULE
>>Sequence Length Distribution	pass
#Length	Count
76	634626.0
>>END_MODULE
>>Sequence Duplication Levels	warn
#Total Duplicate Percentage	44.102495200178204
#Duplication Level	Relative count
1	100.0
2	13.541567831185835
3	6.381134915966121
4	3.3120164968277765
5	1.7047143733672379
6	0.7982744115730813
7	0.39913720578654066
8	0.19166176442681745
9	0.08602640251500718
10++	0.09488206159743438
>>END_MODULE
>>Overrepresented sequences	pass
>>END_MODULE
>>Kmer Content	warn
#Sequence	Count	Obs/Exp Overall	Obs/Exp Max	Max Obs/Exp Position
AAAAA	83150	3.2675934	3.8896713	17
GGGGG	141465	2.1742458	5.0111246	71
>>END_MODULE
