0
0
0
0
155
158
217
111
120
136
127
114
100
136
132
88
83
111
96
73
90
80
80
131
74
79
80
71
92
77
65
82
73
68
46
69
56
71
54
49
62
62
60
62
41
43
59
44
35
48
45
28
54
29
46
30
28
53
47
43
30
36
32
31
33
24
30
27
17
22
34
21
25
23
30
54
21
33
36
26
26
17
27
24
29
17
23
11
8
17
16
4
12
15
12
15
29
4
18
9
25
28
13
16
10
18
6
15
10
16
3
9
10
14
28
44
13
15
22
13
14
10
11
6
1
9
8
9
12
10
7
16
24
8
8
5
8
12
8
10
5
15
1
9
6
10
9
7
6
8
13
10
3
8
8
12
10
5
0
7
5
6
13
7
6
4
7
4
6
11
6
6
8
3
6
5
13
11
1
3
2
3
7
8
4
5
6
10
11
3
6
1
0
0
4
3
2
7
2
10
7
2
2
6
9
11
4
1
7
0
6
2
8
17
2
4
11
1
1
10
2
1
3
7
1
10
11
17
3
3
6
6
2
2
2
4
5
0
1
1
0
5
3
2
3
7
5
6
0
4
9
3
5
4
2
0
8
1
0
0
3
3
0
1
4
5
4
4
5
5
5
3
9
1
2
5
11
1
1
1
1
0
0
4
0
0
2
1
3
1
2
2
4
0
2
3
3
3
1
1
2
2
3
0
3
0
3
1
0
0
1
2
4
4
0
4
1
0
2
2
0
1
1
1
0
2
0
2
1
0
1
0
2
2
2
1
1
2
1
0
1
0
4
3
0
3
2
1
4
0
0
2
1
5
0
0
0
0
0
1
0
1
0
0
0
2
0
0
1
0
1
1
2
3
0
0
1
1
0
1
0
1
0
0
0
1
1
0
1
1
3
0
1
1
0
2
1
0
2
0
0
0
0
0
1
0
1
1
0
0
0
1
3
0
0
0
3
0
0
0
0
0
0
7
0
1
0
1
0
0
0
0
0
4
0
0
0
0
0
0
1
1
0
0
0
2
0
1
2
0
0
1
1
0
0
1
0
0
0
0
0
0
0
1
0
0
2
0
1
0
0
0
1
0
0
0
0
0
0
0
0
0
1
0
0
1
0
0
0
0
2
0
2
0
1
0
0
0
0
106
