8.746
8.741
8.85
8.877
8.935
8.488
8.481
8.653
8.629
8.466
8.599
8.655
8.74
8.721
8.483
8.196
8.097
8.008
8.036
8.076
8.151
8.161
8.118
8.15
8.152
8.15
8.152
8.221
8.288
8.421
8.491
8.688
8.756
8.8
8.856
8.924
9.072
9.123
9.196
9.248
9.274
9.376
9.476
9.539
9.604
9.604
9.705
9.761
9.805
9.901
9.961
10.01
10.072
10.099
10.178
10.228
10.32
10.343
10.393
10.451
10.478
10.423
10.507
10.594
10.683
10.751
10.777
10.82
10.713
10.296
10.242
10.244
10.214
10.132
10.058
9.848
9.781
9.706707
9.632632
9.602603
9.534534
9.324325
9.269269
9.141141
9.061122
9.094189
9.033066
9.016032
8.984955
8.91675
8.893681
8.905717
8.977934
9.039118
9.057172
9.069207
8.973896
9.009054
9.059356
8.740666
8.758829
8.742684
8.760848
8.727548
8.737638
8.70333
8.672049
8.569122
8.544904
8.536832
8.522704
8.513622
8.497478
8.49445
8.515641
8.598386
8.691221
8.726539
8.745711
8.81332
8.826438
8.815338
8.776993
8.770939
8.760848
8.762866
8.732324
8.785858
8.782828
8.849495
8.860465
8.896866
8.925177
8.982776
9.066937
9.065923
9.101419
9.166328
9.117647
9.155172
9.10852
9.100406
9.139959
9.156187
9.223124
9.21501
9.276876
9.28499
9.326572
9.367513
9.439594
9.464974
9.493401
9.532995
9.613198
9.638578
9.642639
9.664974
9.775635
9.806091
9.968528
10.018274
10.051777
9.989848
10.103554
10.150254
10.191878
10.250761
10.249746
10.261929
10.363452
10.49137
10.619289
10.62335
10.675127
10.747209
10.783756
10.845685
10.836548
10.87005
10.91269
10.976649
11.055838
11.08934
11.109645
11.168528
11.236548
11.29878
11.3790655
11.466463
11.5
11.537601
11.546748
11.603659
11.654471
11.664634
11.713414
11.747968
11.781504
11.7764225
11.839268
11.845371
11.92472
11.933876
12.013225
12.116989
12.181078
12.216683
12.226856
12.223804
12.168871
12.197355
12.184131
12.186165
12.220753
12.193286
12.243134
12.217701
12.240082
12.37233
12.429298
12.492371
12.484232
12.487284
12.482198
12.560529
12.552391
12.64293
12.720244
12.735503
12.732451
12.68057
12.71414
12.71414
12.659206
12.6907425
12.617497
12.573753
12.604273
12.712106
12.667345
12.64293
12.650051
12.651068
12.662258
12.646999
12.673449
12.598169
12.596134
12.597152
12.564598
12.522889
12.591048
12.557477
12.561546
12.652085
12.639878
12.629705
12.66531
12.681587
12.697864
12.604273
12.648016
12.682604
12.694812
12.662258
12.645982
12.65412
12.576806
12.607325
12.579858
12.587996
12.619532
12.566633
12.630722
12.671414
12.675483
12.708036
12.651068
12.586979
12.585961
12.614446
12.507629
12.489319
12.449644
12.473042
12.524923
12.637843
12.628688
12.619532
12.544252
12.609359
12.641912
12.68057
12.6765
12.5941
12.556459
12.5757885
12.576806
12.61648
12.656155
12.591048
12.561546
12.46592
12.370295
12.374364
12.341811
12.355036
12.27467
12.232961
12.257376
12.349949
12.394711
12.445575
12.403866
12.343845
12.396745
12.369278
12.360122
12.377416
12.379451
12.429298
12.408952
12.38352
12.373347
12.353001
12.430315
12.464904
12.438454
12.435402
12.445575
12.332655
12.362157
12.347915
12.302136
12.299085
12.258392
12.303154
12.277721
12.325534
12.3235
12.326551
12.344863
12.375381
12.4059
12.384537
12.36826
12.349949
12.35707
12.376399
12.349949
12.321465
12.2848425
12.251271
12.246185
12.229908
12.228891
12.196338
12.240082
12.232961
12.265513
12.234995
12.223804
12.153611
12.199389
12.182096
12.22584
12.201425
12.182096
12.202441
12.212614
12.199389
12.276704
12.278739
12.2848425
12.27467
12.316379
12.269583
12.251271
12.276704
12.310275
12.34588
12.304171
12.231943
12.22584
12.208546
12.154629
11.996948
12.023397
11.963377
11.943031
11.888098
11.925737
11.929807
11.943031
11.865717
11.841302
11.799593
11.809766
11.790438
11.761953
11.790438
11.818922
11.777212
11.808749
11.791454
11.697864
11.692778
11.649034
11.663276
11.720244
11.698881
11.640895
11.662258
11.651068
11.603255
11.591048
11.559512
11.5391655
11.468972
11.51882
11.554425
11.543235
11.5513735
11.500508
11.498474
11.673449
11.672431
11.674466
11.66531
11.619532
11.5941
11.58291
11.584944
11.546287
11.608342
11.672431
11.622584
11.628688
11.606307
11.611394
11.64293
11.82706
11.776196
11.756866
11.704985
11.704985
11.667345
11.649034
11.7029505
11.648016
11.630989
11.62895
11.62895
11.62895
11.593272
11.643221
11.657493
11.722732
11.782875
11.820591
11.88787
11.964322
12.051988
12.1213045
12.137614
12.183486
12.200815
12.19368
12.165137
12.134557
12.062181
12.069317
12.040774
11.993884
12.003058
12.010204
12.001021
11.953013
11.877426
11.858018
11.868233
11.856997
11.886619
11.854954
11.907048
11.85904
11.845761
11.915219
11.811031
11.74668
11.754852
11.756895
11.80286
11.816139
11.784474
11.651686
11.601634
11.5975485
11.388151
11.420837
11.3238
11.228805
11.2206335
11.23187
11.271984
11.282208
11.269938
11.230062
11.185072
11.183026
11.160532
11.118609
11.138037
11.126789
11.076766
11.035824
10.980553
10.976459
10.9580345
10.987718
11.012282
10.954965
10.991812
10.990788
10.9836235
11.040941
11.090072
11.089048
11.087001
11.102354
11.109519
11.1258955
11.072672
11.003071
10.938587
10.91607
10.810645
10.745138
10.682702
10.602866
10.560901
10.500512
10.415558
10.384851
10.358239
10.383828
10.420675
10.41044
10.354145
10.339816
10.3776865
10.384851
10.34698
10.317298
10.349028
10.325486
10.323439
10.322415
10.287615
10.242579
10.141249
10.174002
10.168884
10.176049
10.163767
10.161719
10.08393
10.020471
10.008188
10.064483
10.0625
10.052254
10.014344
9.968238
9.972336
9.994866
9.997947
10.007187
9.936345
9.908625
9.865503
9.818275
9.822382
9.7700205
9.7423
9.728952
9.748201
9.778007
9.790339
9.813786
9.815844
9.861111
9.902163
9.894954
9.947476
9.975284
10.091847
10.0990715
10.029928
10.014448
10.0258
9.973168
9.933952
9.895769
9.950464
9.937049
9.940145
9.840041
9.810114
9.832817
9.847265
9.847265
9.846233
9.788442
9.757482
9.763674
9.897833
9.910216
9.99484
9.9958725
10.020639
9.980392
9.942208
9.940145
9.967976
9.963805
9.921407
9.903827
9.942089
9.991727
9.979318
9.9534645
9.912099
9.967942
10.037229
10.158221
10.186143
10.141675
10.133402
10.037229
10.034126
10.010342
10.099277
10.106515
10.098242
10.031024
9.977249
9.995864
9.95243
9.91727
9.845915
9.805584
9.810755
9.832472
9.844881
9.841779
9.815926
9.760083
9.749742
9.729814
9.749223
9.745078
9.73057
9.7057
9.704663
9.733679
9.720207
9.712954
9.706736
9.662176
9.676349
9.670124
9.615146
9.604772
9.64834
9.700208
9.686722
9.780083
9.759336
9.775933
9.845436
9.901452
9.877593
9.859959
9.871369
9.860851
9.849429
9.92108
9.932503
10.049896
10.098753
10.088358
10.092516
10.097713
10.068607
10.126819
10.118504
10.295526
10.24974
10.311134
10.315296
10.408334
10.446875
10.49375
10.485416
10.477083
10.502084
10.558333
10.64375
10.609375
10.589583
10.727841
10.715328
10.768509
10.860271
10.816476
10.827946
10.84463
10.869656
10.883212
10.842545
10.830031
10.855058
10.850886
10.854014
10.888426
10.890511
10.864301
10.845511
10.782881
10.756785
10.733821
10.860126
10.872651
10.959205
10.957113
10.987448
10.946652
10.905858
10.882845
10.845188
10.783246
10.761256
10.718325
10.689005
10.714136
10.698429
10.6628275
10.645026
10.636649
10.582199
10.564989
10.528302
10.446541
10.427673
10.437107
10.377358
10.260504
10.290966
10.2710085
10.253151
10.257353
10.247899
10.210305
10.230284
10.287066
10.291579
10.365263
10.274736
10.289029
10.225739
10.163502
10.167898
10.310454
10.37698
10.233369
10.198522
10.148891
10.154171
10.0591345
10.066596
10.123678
10.108879
10.109937
10.053911
10.088795
10.028571
9.914286
9.863492
9.721693
9.616931
9.655026
9.614407
9.570974
9.550847
9.549788
9.534958
9.49894
9.506356
9.483051
9.581568
9.567797
9.630297
9.678685
9.662778
9.676564
9.711559
9.745493
9.676564
9.657476
9.69141
9.708378
9.677625
9.73807
9.712619
9.720042
9.776246
9.798515
9.842888
9.799363
9.816348
9.781084
9.774708
9.811902
9.784272
9.749203
9.78321
9.78321
9.805319
9.803191
9.802128
9.760638
9.729787
9.726596
9.726596
9.674468
9.67234
9.657082
9.677317
9.599574
9.547391
9.443025
9.41853
9.41427
9.441959
9.385516
9.397231
9.386581
9.369542
9.408316
9.384861
9.385927
9.390192
9.400853
9.400853
9.476546
9.450959
9.416844
9.400853
9.39381
9.409819
9.445037
9.475987
9.477055
9.558165
9.596585
9.630736
9.630736
9.58698
9.616862
9.658484
9.627535
9.619658
9.630342
9.622863
9.673448
9.598501
9.617773
9.574946
9.580922
9.519829
9.531618
9.49089
9.39657
9.336549
9.381565
9.315451
9.349087
9.37594
9.352309
9.355532
9.343717
9.364124
9.330827
9.350537
9.395699
9.394624
9.437634
9.481162
9.395901
9.367853
9.396979
9.386192
9.361381
9.453074
9.464941
9.572816
9.676375
9.7162895
9.734628
9.718447
9.786407
9.711974
9.707659
9.707659
9.645092
9.622438
9.623517
9.61165
9.624596
9.61987
9.6663065
9.644709
9.62419
9.573434
9.570194
9.557236
9.560475
9.535637
9.585946
9.577297
9.611892
9.621212
9.581169
9.55736
9.533549
9.47779
9.418201
9.382448
9.341278
9.293926
9.26898
9.249457
9.210412
9.199566
9.194143
9.120391
9.096529
9.08026
9.058568
9.038002
9.043431
9.078176
9.089034
9.094462
9.175896
9.228013
9.204348
9.198913
9.16413
9.405435
9.346739
9.367392
9.358696
9.344565
9.352174
9.396083
9.454843
9.371056
9.405876
9.437432
9.440697
9.484222
9.464636
9.396083
9.323177
9.2861805
9.2633295
9.215451
9.237214
9.078346
9.073994
9.02938
8.930359
8.908596
8.817193
8.763874
8.667029
8.670294
8.661589
8.634385
8.638738
8.651795
8.595212
8.634385
8.626768
8.64309
8.639434
8.694989
8.708833
8.744541
8.828603
8.836245
8.813319
8.810043
8.707423
8.694324
8.6965065
8.760917
8.826419
8.828603
8.815502
8.865574
8.856831
8.881968
8.89836
8.9562845
8.984699
9.019672
9.0
9.010929
8.97377
8.995628
8.997814
8.977049
8.982513
8.99235
8.983606
8.967213
8.913661
8.908196
8.846994
8.795629
8.599563
8.638949
8.66302
8.560175
8.56674
8.525164
8.58534
8.605033
8.584245
8.561269
8.527352
8.469879
8.417306
8.357064
8.326397
8.292442
8.393209
8.43264
8.518072
8.575027
8.634173
8.725082
8.744798
8.740417
8.734649
8.677631
8.651316
8.620614
8.656798
8.6706915
8.702198
8.675824
8.687912
8.735973
8.722773
8.665566
8.743674
8.763216
8.705947
8.704845
8.721366
8.70044
8.734582
8.768468
8.749724
8.757442
8.703418
8.70011
8.693495
8.674752
8.685778
8.59096
8.500551
8.487321
8.489526
8.506064
8.500551
8.4366045
8.372657
8.30871
8.305403
8.338478
8.344371
8.316777
8.353591
8.364641
8.3723755
8.4103985
8.361726
8.405973
8.349558
8.334071
8.329646
8.334071
8.323009
8.37763
8.368771
8.354374
8.336656
8.403101
8.440753
8.490022
8.532222
8.496667
8.558888
8.60178
8.578421
8.609566
8.628476
8.572859
8.562361
8.542316
8.511136
8.492205
8.483296
8.422049
8.305122
8.257238
8.253898
8.262806
8.310691
8.325167
8.492754
8.606466
8.670759
8.685267
8.667039
8.656983
8.624581
8.620111
8.584357
8.5385475
8.491052
8.464206
8.484882
8.477044
8.465845
8.484882
8.4703245
8.462486
8.477044
8.4972
8.527435
8.536996
8.547085
8.594837
8.539843
8.571268
8.608305
8.636364
8.628508
8.618406
8.713483
8.861797
8.922472
8.91573
8.959551
8.923595
8.88427
8.968539
8.94045
8.957303
8.986517
9.012374
9.064117
9.0236225
9.082115
9.073198
9.022523
9.072072
9.057432
9.064189
9.102477
9.102477
9.075451
9.065315
9.02928
9.051802
9.007883
8.98536
8.986486
8.975225
9.001127
9.023675
9.047351
9.057497
9.171364
9.206313
9.21646
9.273138
9.234763
9.329571
9.34763
9.353273
9.325056
9.38149
9.365688
9.353273
9.21219
9.172687
9.1072235
9.109481
9.085779
9.085779
9.058691
9.080135
9.080135
9.090294
9.102709
9.093679
9.04176
9.0
8.975169
8.916384
8.824859
8.79209
8.764972
8.776018
8.790724
8.760181
8.733031
8.701019
8.713477
8.712344
8.671575
8.614949
8.625425
8.6
8.5375
8.429545
8.386364
8.464773
8.431818
8.476136
8.453409
8.464773
8.4875
8.514772
8.570455
8.607955
8.668942
8.6765375
8.625998
8.6465225
8.649943
8.659065
8.696693
8.687572
9.63398
9.672
9.672
9.667429
9.649885
9.696796
9.716248
9.730813
9.764032
9.713303
9.752294
9.838303
9.865826
9.879449
9.942529
9.966666
9.958573
9.980437
10.026467
9.950518
9.96083
9.970046
9.95507
9.92742
9.881336
9.79954
9.843137
9.815455
9.825836
9.829296
9.810842
9.8131485
9.832757
9.8441105
9.808314
9.807159
9.841619
9.923699
9.971098
10.002315
10.009259
10.097335
10.249131
10.290846
10.326767
10.502897
10.479722
10.528389
10.584009
10.705678
10.714948
10.670916
10.670916
10.661646
10.668598
10.697567
10.763066
10.788618
10.780488
10.686411
10.663182
10.609756
10.622532
10.593496
10.593496
10.582558
10.520372
10.463329
10.53909
10.567095
10.58528
10.560234
10.497076
10.465497
10.408187
10.412178
10.386416
10.354801
10.302108
10.297424
10.375878
10.313817
10.249414
10.275176
10.196721
10.180327
10.01288
10.037471
9.971864
9.950762
9.839391
9.770223
9.793427
9.693662
9.619271
9.589894
9.527615
9.495887
9.488836
9.455935
9.459459
9.438308
9.411281
9.343125
9.336075
9.303173
9.314117
9.294118
9.354117
9.381176
9.372941
9.42
8.88353
8.850588
8.804706
8.828236
8.854117
8.826855
8.753828
8.7146225
8.695755
8.524764
8.524764
8.554245
8.502952
8.455726
8.449823
8.417946
8.365997
8.374262
8.331759
8.319953
8.3404255
8.352246
8.3905325
8.465089
8.452071
8.500591
8.498225
8.505924
8.508294
8.50474
8.523697
8.563981
8.53436
8.462086
8.449052
8.471564
8.50237
8.5551605
8.637011
8.615659
8.615202
8.629013
8.677765
8.665874
8.674197
8.652794
8.672619
8.641666
8.697619
8.7464285
8.763095
8.719048
8.75
8.727381
8.747619
8.730952
8.715476
8.688095
8.663095
8.666667
8.678572
8.652381
8.661904
8.642431
8.599524
8.649583
8.620977
8.63528
8.607399
8.644391
8.590203
8.658303
8.565113
8.632019
8.591398
8.603345
8.590203
8.563919
8.594498
8.601675
8.638756
8.538278
8.534689
8.545455
8.592105
8.636364
8.69976
8.730862
8.769138
8.877991
8.894737
8.9832535
8.972455
8.964072
8.962874
8.941247
9.417266
9.396882
9.375299
9.354916
9.395683
9.357314
9.356115
9.381753
9.384615
9.340553
9.326113
9.254217
9.259036
9.343373
9.338554
9.348193
9.33253
9.403614
9.427711
9.434258
9.437877
9.42702
9.433052
9.464415
9.475271
9.523522
9.480097
9.435465
9.457729
8.94686
9.211352
9.246377
9.251207
9.213768
9.208938
9.286232
9.335351
9.446732
9.564165
9.663438
9.68523
9.693705
9.691283
9.662228
9.601695
9.589588
9.5157385
9.526634
9.468523
9.466102
9.509708
9.516991
9.538835
9.529126
9.521845
9.472087
9.477521
9.486027
9.511543
9.543135
9.5516405
9.562576
9.575942
9.588093
9.571081
9.629405
9.5565
9.538929
9.462287
9.412409
9.568127
9.463504
9.4683695
9.399027
9.3581
9.365408
9.351219
9.391941
9.300366
9.286935
9.196581
9.126985
9.216117
9.179487
9.155067
9.17094
9.255189
9.13431
9.114774
9.010989
9.032967
9.014652
8.989011
8.91453
8.81685
8.854701
8.884005
8.858364
8.785104
8.765568
8.826618
8.813187
8.81807
8.866911
8.833943
8.834964
8.579462
8.515892
8.49082
8.549572
8.541003
8.44186
8.468788
8.463892
8.483476
8.407589
8.323133
8.335373
8.32803
8.351285
8.384804
8.328431
8.332108
8.330882
8.351716
8.389706
8.297794
8.339877
8.472393
8.510429
8.578624
8.571253
8.609337
8.610565
8.584256
8.615006
8.600246
8.607626
8.547356
8.528905
8.506765
8.408364
8.484625
8.392374
8.453761
8.498151
8.411838
8.4777775
8.517284
8.544444
8.62963
8.664198
8.755555
8.759259
8.771605
8.801234
8.819753
8.869136
8.757726
8.763321
8.752169
8.75093
8.796526
8.744417
8.7590065
8.776398
8.760248
8.749068
8.696895
8.686956
8.7192545
8.752795
8.734161
8.741615
8.756522
8.726708
8.717662
8.67786
8.674969
8.669988
8.65586
8.626717
8.578028
8.622972
8.62422
8.555555
8.486892
8.429463
8.418227
8.39201
8.365793
8.410737
8.505618
8.545
8.5675
8.55375
8.555
8.619524
8.612015
8.574468
8.571965
8.526909
8.577694
8.593985
8.443609
8.427319
8.463659
8.421053
8.37218
8.384712
8.358396
8.305764
8.309524
8.311167
8.323714
8.284818
8.285176
8.267588
8.314071
8.350503
8.376884
8.322013
8.357682
8.289673
8.264483
8.2686
8.236111
8.233586
8.175505
8.191919
8.17803
8.159091
8.150252
8.141414
8.147727
8.16076
8.192405
8.203797
8.183777
8.21166
8.310519
8.380228
8.437263
8.439797
8.449937
8.484158
8.486692
8.485425
8.481623
8.521574
8.502538
8.423858
8.531807
8.51654
8.559796
8.568703
8.568703
8.5992365
8.620382
8.629299
8.676021
8.748725
8.819923
8.854406
8.873077
8.888461
8.916667
8.898718
8.861539
8.862821
8.883333
8.907692
8.896153
8.814102
8.833333
8.888461
8.955129
8.955129
8.967949
8.914103
9.039743
9.08077
9.0115385
9.08077
9.160256
9.124359
9.133333
9.124518
9.118252
9.100386
9.060489
8.983269
8.974227
9.009021
8.948454
8.93299
8.958763
9.007732
8.992258
9.063226
9.083871
9.05168
9.087855
9.062016
9.041344
8.979301
8.984476
9.003881
8.996119
9.040208
9.019455
8.988327
9.10895
9.115435
9.127108
9.0869
8.972727
9.023376
9.011688
8.997402
9.057143
9.0532465
9.040259
9.122078
8.838961
8.897403
8.88052
9.018182
8.974026
9.077922
9.120936
9.070221
9.061198
9.046875
9.042969
9.014323
9.001302
8.911458
8.9296875
8.9765625
9.013038
8.968709
8.949153
8.912646
8.898305
8.921773
8.887729
8.93342
8.9543085
8.992167
8.968668
9.027487
9.005236
8.99869
8.941022
8.909568
8.830931
8.834645
8.846457
8.812089
8.744737
8.725
8.747369
8.778948
8.814474
8.835526
8.823684
8.853948
8.878947
8.859211
8.85
8.779683
8.8047495
8.76913
8.719947
8.649934
8.63144
8.632761
8.621693
8.58201
8.566137
8.587301
8.616402
8.58201
8.55291
8.486773
8.488095
8.493386
8.378307
8.347883
8.334656
8.287037
8.241059
8.080902
8.1233425
8.102258
8.073138
8.013298
7.9468083
7.867021
7.9095745
7.867021
7.8949466
7.8470745
7.8417554
7.7167554
7.695479
7.738032
7.7327127
7.7087765
7.6875
7.6515956
7.6404796
7.627164
7.579228
7.572764
7.5927906
7.571429
7.5594125
7.632844
7.662216
7.635514
7.6181574
7.6208277
7.654206
7.613119
7.6117806
7.496653
7.5006695
7.4698796
7.5167336
7.5515394
7.597055
7.587684
7.580991
7.575067
7.579866
7.638926
7.638441
7.706595
7.6491227
7.741892
7.7716217
7.8635135
7.864865
7.8783784
7.872973
7.9175677
7.872973
7.9135137
7.8783784
7.8513513
7.9405403
7.8891892
7.854054
7.8527026
7.8337836
7.864865
7.8743243
7.845946
7.883784
7.8756757
7.886333
7.898374
7.911924
7.98374
7.9864497
8.020326
8.224933
8.329268
8.357723
8.464044
8.5074625
8.576662
8.670285
8.628222
8.511533
8.622795
8.609226
8.632293
8.662144
8.704206
8.86413
8.826087
8.846467
8.872283
8.976902
9.080163
9.065217
9.004076
9.039402
9.054348
8.987755
9.020409
9.088556
9.075034
9.195088
9.193725
9.274216
9.203274
9.170532
9.143247
9.090041
9.106412
9.079235
9.157104
9.060191
9.047879
9.082079
9.058824
9.10137
9.1
9.087671
9.098901
9.119506
9.2225275
9.23489
9.197803
9.218407
9.116758
9.118132
9.072803
9.093407
9.127748
9.159341
9.196699
9.242091
9.286501
9.241047
9.276859
