1.68
2.005
2.751
3.589
3.515
4.31
5.836
6.78
7.314
8.023
8.663
8.894
8.527
8.702
8.921
9.308
9.461
9.408
9.686
9.377
9.349
9.442
9.544
10.191
9.884
9.597
9.508
9.768
10.025
10.368
10.234
9.648
9.551
10.42
11.361
11.588
11.56
11.258
11.22
10.546
10.457
11.03
11.258
11.267
11.165
10.625
10.278
10.693
10.694
10.49
10.506
10.18
10.243
10.246
9.95
10.049
10.355
10.22
9.952
9.989
9.642
9.973
10.393
9.972
9.743
9.601
9.653
9.696
10.308
10.116
9.729
9.671
9.587
9.748
10.07
10.171
10.117
10.079
10.19
10.898
11.411
10.827
11.193
11.609
11.321
11.109
10.272
10.092
10.001
10.452
11.427
10.905
10.438
10.191
9.697
9.962
9.663
8.973
8.35
8.488
