##FastQC	0.9.2
>>Basic Statistics	pass
#Measure	Value	
Filename	7_100326_FC6107FAAXX-chr22.fastq	
File type	Conventional base calls	
Encoding	Sanger / Illumina 1.9	
Total Sequences	695878	
Sequence length	76	
%GC	54	
>>END_MODULE
>>Per base sequence quality	fail
#Base	Mean	Median	Lower Quartile	Upper Quartile	10th Percentile	90th Percentile
1	33.44698639704086	34.0	34.0	34.0	33.0	34.0
2	33.39595590031586	34.0	34.0	34.0	33.0	34.0
3	33.37959527388421	34.0	34.0	34.0	33.0	34.0
4	33.374033954227606	34.0	34.0	34.0	33.0	34.0
5	33.364111237889404	34.0	34.0	34.0	33.0	34.0
6	33.36213675385628	34.0	34.0	34.0	33.0	34.0
7	33.32398351435165	34.0	34.0	34.0	33.0	34.0
8	33.28433719703741	34.0	34.0	34.0	33.0	34.0
9	33.26600639767315	34.0	34.0	34.0	33.0	34.0
10-14	33.193760400529975	34.0	34.0	34.0	33.0	34.0
15-19	33.058288090728546	34.0	34.0	34.0	33.0	34.0
20-24	32.858314532145	34.0	34.0	34.0	32.0	34.0
25-29	32.56499041498653	34.0	34.0	34.0	31.0	34.0
30-34	32.19318328787517	34.0	33.8	34.0	30.4	34.0
35-39	31.71405849875984	34.0	33.0	34.0	29.0	34.0
40-44	31.11789077970564	34.0	32.6	34.0	26.8	34.0
45-49	30.357264922874414	34.0	31.8	34.0	22.4	34.0
50-54	29.39596136104317	33.4	31.0	34.0	10.8	34.0
55-59	28.19594124257413	33.0	29.4	34.0	2.0	34.0
60-64	26.734183003342537	32.6	27.0	34.0	2.0	34.0
65-69	25.02956955098451	32.0	21.2	33.8	2.0	34.0
70-74	23.07533274510762	31.0	3.6	33.0	2.0	34.0
75-76	21.458497753916635	29.5	2.0	33.0	2.0	34.0
>>END_MODULE
>>Per sequence quality scores	pass
#Quality	Count
2	4503.0
3	864.0
4	871.0
5	1442.0
6	881.0
7	1527.0
8	1289.0
9	2008.0
10	1756.0
11	2179.0
12	2718.0
13	3184.0
14	3505.0
15	3921.0
16	4579.0
17	4887.0
18	6092.0
19	6512.0
20	7801.0
21	8119.0
22	10149.0
23	10408.0
24	12737.0
25	13356.0
26	16359.0
27	17443.0
28	21041.0
29	22213.0
30	31094.0
31	42940.0
32	95910.0
33	320828.0
34	12762.0
>>END_MODULE
>>Per base sequence content	pass
#Base	G	A	T	C
1	176319	153018	157087	208918
2	189944	165211	145968	194755
3	195426	156831	152627	190992
4	203085	146794	150108	195882
5	194509	158447	159398	183522
6	197243	155432	144969	198224
7	191768	154646	159556	189897
8	189693	156016	157922	192244
9	185745	154976	160035	195117
10-14	186515	159776	154237	195323
15-19	187136	158456	157122	193152
20-24	186754	156856	159776	192492
25-29	186334	157983	159941	191617
30-34	185492	158597	160710	191072
35-39	184884	157230	161072	192692
40-44	183989	157769	161225	192894
45-49	184646	157769	161554	191909
50-54	184712	156778	160898	193456
55-59	185195	156314	160835	193531
60-64	184652	156765	161677	192784
65-69	184504	156314	162293	192735
70-74	185590	156648	160589	193038
75-76	185550	156967	161602	191738
>>END_MODULE
>>Per base GC content	pass
#Base	%GC
1	55.40252134920658
2	55.28253515702465
3	55.529720812328634
4	57.33363607230672
5	54.324477349412824
6	56.83074950996453
7	54.84740618537738
8	54.88586312196875
9	54.73153865719751
10-14	54.48983011438086
15-19	54.260333533370584
20-24	54.308320548246
25-29	54.38869279480959
30-34	54.53371766141593
35-39	54.56203372526567
40-44	54.64492497022263
45-49	54.83234407890123
50-54	54.86544620952407
55-59	55.02412450064569
60-64	55.26161483884838
65-69	55.57874190818664
70-74	55.91966063902858
75-76	56.561182222963204
>>END_MODULE
>>Per sequence GC content	warn
#GC Content	Count
0	0.0
1	0.5
2	0.5
3	0.0
4	0.0
5	0.0
6	0.5
7	2.0
8	3.0
9	2.0
10	1.5
11	2.5
12	3.0
13	3.0
14	9.5
15	26.5
16	48.5
17	60.0
18	81.5
19	115.0
20	185.5
21	244.0
22	309.5
23	515.0
24	762.0
25	869.0
26	1060.0
27	1524.0
28	2022.0
29	2247.0
30	2565.0
31	3477.5
32	4383.0
33	4694.0
34	5267.5
35	6479.5
36	7395.5
37	7673.0
38	8183.0
39	9706.5
40	11473.0
41	13277.0
42	14328.0
43	15206.0
44	17338.0
45	19311.5
46	20031.0
47	21330.5
48	23691.5
49	25861.0
50	26969.0
51	27694.5
52	29970.0
53	32144.5
54	32769.0
55	34050.0
56	35959.5
57	38034.0
58	39480.0
59	39761.5
60	39465.5
61	38256.5
62	37625.0
63	35670.0
64	31349.0
65	26504.5
66	21721.0
67	19416.0
68	17341.0
69	13313.0
70	9808.5
71	8257.0
72	7141.5
73	5102.0
74	3531.0
75	2884.0
76	2450.0
77	1681.0
78	1134.0
79	922.0
80	774.0
81	525.5
82	349.0
83	273.0
84	226.5
85	134.0
86	77.5
87	67.0
88	46.5
89	23.0
90	14.0
91	6.0
92	4.0
93	2.0
94	0.0
95	0.0
96	0.0
97	0.0
98	0.0
99	0.0
100	0.0
>>END_MODULE
>>Per base N content	pass
#Base	N-Count
1	0.07702499576075117
2	0.0
3	2.874067005998178E-4
4	0.00129333015269918
5	2.874067005998178E-4
6	0.0014370335029990889
7	0.001580736853298998
8	4.3111005089972666E-4
9	7.185167514995444E-4
10-14	0.001408292832939107
15-19	0.0010921454622793076
20-24	0.002184290924558615
25-29	0.0014657741730590707
30-34	0.002040587574258706
35-39	0.006265466073076028
40-44	0.006840279474275663
45-49	5.748134011996356E-5
50-54	0.0010921454622793076
55-59	0.004224878498817321
60-64	0.008794645038354424
65-69	0.07840454792363029
70-74	0.07869195462423012
75-76	0.014945148431190524
>>END_MODULE
>>Sequence Length Distribution	pass
#Length	Count
76	695878.0
>>END_MODULE
>>Sequence Duplication Levels	fail
#Total Duplicate Percentage	53.4079094182685
#Duplication Level	Relative count
1	100.0
2	17.290880021770928
3	8.175664183420077
4	4.703201006905466
5	2.6050277239174067
6	1.4600129264890975
7	0.8640337449399599
8	0.4449433615675069
9	0.24356226825866584
10++	0.28098105248834915
>>END_MODULE
>>Overrepresented sequences	pass
>>END_MODULE
>>Kmer Content	warn
#Sequence	Count	Obs/Exp Overall	Obs/Exp Max	Max Obs/Exp Position
AAAAA	91685	3.2510545	4.167978	1
>>END_MODULE
